216,216,216,216,216,216,216,216,215,215,215,215,215,215,215,215,215,215,215,215,215,215,215,214,214,214,214,214,214,214,214,214,214,213,212,212,212,211,210,211,211,210,209,208,208,207,206,207,207,206,205,205,205,204,203,202,202,200,200,200,200,198,198,197,197,197,196,195,195,194,194,193,193,193,192,192,192,192,192,192,192,191,191,190,190,190,190,190,190,190,190,190,189,188,188,188,188,188,188,188,188,188,188,188,188,188,188,188,188,188,188,188,188,188,190,190,190,190,189,189,190,191,192,192,193,194,195,196,197,199,200,200,201,202,204,206,206,208,208,208,208,207,207,206,205,206,206,205,204,204,204,203,202,201,201,200,199,199,199,199,198,198,198,198,198,198,198,198,198,198,196,196,196,195,195,195,195,195,195,195,195,194,194,194,194,194,194,194,194,194,194,194,194,194,194,194,194,196,196,196,196,196,197,197,197,197,197,197,196,196,195,195,195,195,195,195,195,195,195,195,194,194,195,196,195,195,196,197,198,199,202,204,205,206,209,211,214,215,217,219,221,222,223,224,225,226,228,229,230,233,233,233,233,234,234,233,232,231,231,230,230,231,232,232,233,234,234,234,235,236,237,238,238,239,239,239,239,239,239,239,239,239,239,239,238,238,237,237,237,236,235,234,232,231,230,229,227,226,226,225,224,222,221,219,218,215,214,212,210,209,206,204,203,202,201,199,198,198,197,197,197,196,195,194,193,193,192,191,190,190,190,190,190,190,190,190
216,216,216,216,216,216,216,216,215,215,215,215,215,215,215,215,215,215,215,215,215,215,215,214,214,214,214,214,214,214,214,214,213,212,212,212,211,210,210,210,210,209,208,208,207,206,206,206,206,205,204,204,204,203,202,202,202,200,200,200,200,198,197,197,197,197,196,195,195,194,194,193,193,193,192,192,192,192,192,192,192,191,191,190,190,190,190,190,190,190,190,190,189,188,188,188,188,188,188,188,188,188,188,188,188,188,188,188,188,188,188,188,188,188,190,190,190,190,190,190,191,192,193,193,194,195,196,197,198,200,200,201,202,202,203,205,206,208,208,208,208,207,206,205,205,206,205,204,204,204,203,202,202,201,200,199,199,199,199,199,198,198,198,198,198,198,198,198,198,198,196,196,196,195,195,195,195,195,195,195,195,194,194,194,194,194,194,194,194,194,194,194,194,194,194,194,194,196,196,196,196,196,197,197,197,197,197,197,196,196,195,195,195,195,195,195,195,195,195,195,194,194,195,196,195,196,197,197,198,200,202,204,205,207,209,211,213,216,217,219,221,222,223,224,225,226,227,229,230,233,233,233,233,234,233,232,232,231,230,229,230,230,231,232,233,233,234,234,235,235,236,237,238,239,239,239,239,239,239,239,239,239,239,239,238,238,237,237,237,236,235,233,232,231,230,228,227,226,225,224,222,222,220,219,218,215,214,212,210,209,206,204,203,202,201,199,198,198,196,197,196,195,195,194,192,192,191,191,190,190,190,190,190,190,190,190
216,216,216,216,216,216,216,216,215,215,215,215,215,215,215,215,215,215,215,215,215,215,215,214,214,214,214,213,213,213,213,213,212,212,211,211,210,210,209,209,208,207,207,207,206,206,205,205,204,203,203,203,202,201,201,201,201,199,199,199,199,198,197,196,197,197,196,195,195,194,194,193,193,193,192,192,192,192,192,192,192,191,191,190,190,190,190,190,190,190,190,190,189,188,188,188,188,188,188,188,188,188,188,188,188,188,189,189,189,189,189,189,189,189,191,191,191,191,191,192,193,193,194,195,196,196,197,198,200,201,201,202,202,203,204,205,206,207,207,207,207,206,205,205,204,205,204,204,203,203,202,202,201,200,199,199,198,199,199,199,198,198,198,198,198,198,197,197,197,197,196,196,196,195,195,195,195,195,195,195,195,194,194,194,194,194,194,194,194,194,194,194,194,195,195,195,195,196,196,196,196,196,197,197,197,197,197,197,196,196,195,195,195,195,195,195,195,195,195,195,194,194,195,196,196,197,197,198,199,200,203,205,206,207,210,212,214,215,218,219,221,222,223,224,225,225,227,228,230,232,232,232,232,233,232,232,231,230,229,229,229,229,230,231,232,233,233,233,234,234,235,236,237,238,238,238,238,238,238,238,238,238,238,238,237,237,236,236,236,235,234,232,231,230,229,227,226,225,224,223,222,220,220,219,218,215,214,212,210,209,206,204,203,202,201,199,198,197,196,196,195,195,194,193,192,191,191,190,189,189,189,189,189,189,189,190
216,216,216,216,216,216,216,216,215,215,215,215,215,215,215,215,215,215,215,215,215,215,215,214,214,214,214,212,212,212,212,212,212,211,210,210,210,209,208,207,207,206,205,206,206,205,204,203,203,202,201,201,201,200,200,200,200,198,198,198,198,198,197,196,197,197,196,195,195,194,194,193,193,193,192,192,192,192,192,192,192,191,191,190,190,190,190,190,190,190,190,190,189,188,188,188,188,188,188,188,188,188,188,188,188,188,190,190,190,190,190,190,190,190,192,192,192,192,193,193,194,195,196,196,197,198,199,200,201,203,202,202,203,204,205,205,206,206,206,206,206,205,205,204,203,204,204,203,202,202,202,201,200,199,199,198,197,199,199,199,198,198,198,198,198,198,196,196,196,196,196,196,196,195,195,195,195,195,195,195,195,194,194,194,194,194,194,194,194,194,194,194,194,196,196,196,196,196,196,196,196,196,197,197,197,197,197,197,196,196,195,195,195,195,195,195,195,195,195,195,194,194,195,196,197,197,198,199,200,201,203,206,207,208,210,213,215,216,217,219,221,222,223,224,225,225,226,228,229,231,231,231,231,232,232,231,230,229,229,228,228,229,229,230,231,232,232,233,233,234,234,235,236,237,237,237,237,237,237,237,237,237,237,237,236,236,235,235,235,234,233,232,230,229,228,227,225,224,223,222,221,220,220,219,218,215,214,212,210,209,206,204,203,202,201,199,198,197,196,195,195,194,194,192,191,191,190,189,188,188,188,188,188,188,189,190
216,216,215,215,215,215,215,215,214,214,214,214,214,214,214,214,214,214,214,214,214,214,214,214,214,213,212,213,213,212,211,211,211,210,209,209,209,208,207,207,207,206,205,205,205,204,203,203,203,203,203,200,200,199,199,199,199,198,198,198,197,197,196,196,197,197,196,195,195,194,194,194,193,193,193,193,193,193,192,192,192,191,191,191,191,191,191,190,190,190,190,190,190,190,189,189,189,189,189,189,189,189,189,189,189,189,189,189,190,191,190,190,191,192,192,192,193,194,195,195,196,197,196,196,197,198,200,200,201,202,203,203,204,205,206,206,206,206,206,206,206,206,206,205,204,204,204,203,202,201,201,200,199,199,199,199,199,198,198,198,198,198,197,197,197,197,196,196,196,196,196,196,196,195,195,195,195,194,194,194,194,194,194,194,194,194,194,194,194,195,195,195,195,196,196,196,196,196,196,197,197,197,197,197,198,198,197,196,196,196,195,194,195,195,195,195,194,194,195,196,194,194,195,196,197,198,199,201,203,204,205,207,210,211,212,214,216,216,217,218,220,221,222,224,224,225,226,228,229,230,231,231,231,231,231,230,229,228,228,227,227,227,228,229,230,230,231,231,232,233,234,235,236,235,235,235,235,236,236,237,238,238,237,236,236,235,235,234,233,233,233,232,231,229,228,227,225,224,223,222,221,220,219,218,217,215,214,212,209,208,205,203,202,201,200,197,197,196,195,194,194,193,192,191,190,190,190,189,188,187,187,187,186,186,187,187
216,216,215,215,215,215,215,215,214,214,214,214,214,214,214,214,214,214,214,214,214,214,214,214,213,212,212,213,212,211,211,211,210,209,209,209,208,207,207,207,206,205,205,205,204,203,203,203,203,203,203,200,200,199,199,199,199,198,198,198,197,197,196,196,197,197,196,195,195,194,194,194,193,193,193,193,193,193,192,192,192,191,191,191,191,191,191,190,190,190,190,190,190,190,189,189,189,189,189,189,189,189,189,189,189,189,189,190,191,191,190,191,192,192,192,193,194,194,195,196,197,197,197,197,198,199,200,201,202,202,203,204,205,205,206,206,206,206,206,206,206,206,205,204,204,204,203,202,202,201,200,199,199,199,199,199,198,198,198,198,198,198,197,197,197,197,196,196,196,196,196,196,196,195,195,195,195,194,194,194,194,194,194,194,194,194,194,194,194,195,195,195,195,196,196,196,196,196,196,197,197,197,197,197,198,198,197,196,196,196,195,194,195,195,195,195,194,194,195,196,194,195,196,196,197,198,200,201,203,204,206,207,210,211,213,214,216,217,218,218,220,221,222,223,224,225,226,228,229,230,231,231,231,231,230,229,229,228,227,227,227,227,228,229,230,230,231,231,232,233,234,234,236,236,235,235,235,236,237,237,238,237,236,236,236,235,234,233,233,233,232,231,231,229,228,227,224,224,222,222,221,220,219,218,216,215,214,212,209,208,205,203,202,201,198,197,197,196,195,194,194,193,192,191,190,190,189,188,188,187,187,187,186,186,187,187
216,216,215,215,215,215,215,215,214,214,214,214,214,214,214,214,214,214,214,213,213,213,213,213,212,212,211,212,211,211,210,210,209,209,208,208,207,207,206,206,205,205,204,204,203,203,202,202,202,202,202,200,200,199,199,199,199,198,198,198,197,197,196,196,197,197,196,195,194,194,194,194,193,193,193,193,193,193,192,192,192,191,191,191,191,191,191,190,190,190,190,190,190,190,190,190,190,190,190,190,190,190,190,190,190,190,190,191,191,192,191,192,192,193,193,194,194,195,196,197,197,198,198,199,200,200,201,202,202,203,204,205,205,206,206,206,206,205,205,205,205,205,204,204,203,203,202,202,201,200,199,199,198,199,199,199,198,198,198,198,198,198,197,197,197,197,196,196,196,196,196,196,196,195,195,195,195,194,194,194,194,194,194,194,194,194,194,194,194,195,195,195,195,196,196,196,196,196,196,197,197,197,197,197,198,198,197,196,196,196,195,194,195,195,195,195,194,194,195,196,195,196,196,197,198,199,201,202,204,205,207,208,211,212,214,215,217,218,218,219,220,221,222,223,224,225,226,228,229,230,230,230,230,230,229,229,228,227,226,226,226,227,228,229,230,230,231,231,232,232,233,234,235,235,235,235,235,236,236,236,237,236,236,235,235,234,233,233,232,232,231,231,230,229,228,225,224,223,222,222,221,220,219,217,216,215,214,212,209,208,205,203,202,200,198,197,197,196,195,194,193,193,192,191,190,190,189,188,188,187,187,187,186,186,187,187
216,216,215,215,215,215,215,215,214,214,214,214,214,214,214,214,214,214,214,212,212,212,212,212,212,211,210,211,211,210,209,209,209,208,207,207,207,206,205,205,205,204,203,203,203,202,201,201,201,201,201,200,200,199,199,199,198,198,198,198,197,196,196,196,197,197,196,195,194,194,194,194,193,193,193,193,193,193,192,192,192,191,191,191,191,191,191,190,190,190,190,190,190,190,191,191,191,191,191,191,191,191,191,191,191,191,191,191,192,193,192,192,193,194,194,194,195,196,197,197,198,199,200,200,201,202,202,202,203,204,205,205,206,207,206,206,206,204,204,204,204,204,204,203,202,202,202,201,200,199,199,198,197,199,199,199,198,198,198,198,198,198,197,197,197,197,196,196,196,196,196,196,196,195,195,195,195,194,194,194,194,194,194,194,194,194,194,194,194,195,195,195,195,196,196,196,196,196,196,197,197,197,197,197,198,198,197,196,196,196,195,194,195,195,195,195,194,194,195,196,196,196,197,198,199,200,201,203,205,206,207,209,212,213,214,216,218,218,219,220,220,221,222,223,224,224,226,228,229,230,229,229,229,229,229,228,227,226,226,225,226,226,228,229,230,230,230,231,232,233,232,233,234,234,234,235,235,236,236,235,236,236,235,234,234,233,233,232,231,231,231,230,229,229,227,225,224,223,222,222,221,220,218,217,216,215,214,212,209,208,205,203,201,200,198,197,197,196,195,194,193,193,192,191,190,189,189,188,188,186,187,187,186,186,187,187
215,215,215,215,215,215,214,213,214,214,214,213,213,213,213,213,213,213,213,213,213,212,211,211,211,210,209,210,210,209,208,208,208,207,206,206,206,205,204,205,205,204,203,203,203,202,201,201,201,200,199,200,200,199,199,200,200,199,198,198,197,197,196,195,196,196,196,195,195,195,194,194,194,194,194,194,193,193,193,193,193,191,191,191,191,191,191,190,190,190,191,191,191,191,190,190,190,190,191,191,191,191,191,191,192,193,193,193,193,193,194,194,195,196,196,196,197,198,199,199,200,201,201,201,202,203,203,203,204,205,206,206,206,207,207,206,205,205,205,204,203,203,203,202,201,200,200,200,200,199,199,199,199,199,199,199,198,198,197,197,197,197,196,196,196,196,196,196,196,196,196,196,196,195,195,195,195,195,195,195,195,195,195,195,195,195,195,195,195,196,196,196,196,195,195,195,195,197,197,197,197,197,197,197,198,198,197,196,196,196,196,196,196,196,196,196,196,196,196,196,196,196,197,198,200,201,202,204,207,208,209,211,212,213,214,216,218,218,219,220,220,221,222,224,225,226,226,228,228,228,229,229,229,228,228,227,226,226,226,225,225,226,227,228,228,228,229,230,231,231,232,233,233,233,233,235,235,235,235,236,235,235,235,235,233,233,234,233,232,230,230,229,228,227,226,223,223,222,221,221,220,219,218,217,216,215,212,210,209,208,205,202,201,200,198,197,197,196,195,194,193,193,192,192,190,189,188,188,188,187,186,185,186,186,187,187
215,215,215,215,215,215,214,213,214,214,214,213,213,213,213,213,213,213,213,213,212,211,211,211,210,209,209,210,209,208,208,208,207,206,206,206,205,204,204,205,204,203,203,203,203,202,201,201,201,200,199,200,200,199,199,200,200,199,198,198,197,197,196,195,196,196,196,195,195,195,194,194,194,194,194,194,193,193,193,193,193,191,191,191,191,191,191,190,190,190,191,191,191,191,190,190,190,190,191,191,191,191,191,192,193,193,193,193,193,193,194,195,196,196,196,197,198,198,199,200,201,201,201,202,203,203,203,204,205,205,206,206,206,207,206,205,205,205,204,203,203,203,202,201,201,200,200,200,200,199,199,199,199,199,199,199,198,198,197,197,197,197,196,196,196,196,196,196,196,196,196,196,196,195,195,195,195,195,195,195,195,195,195,195,195,195,195,195,195,196,196,196,196,195,195,195,195,197,197,197,197,197,197,197,198,198,197,196,196,196,196,196,196,196,196,196,196,196,196,196,196,197,198,198,200,201,203,204,207,208,210,211,212,213,215,216,218,218,219,220,220,221,222,223,225,226,226,227,228,228,229,229,229,228,227,226,226,226,225,225,225,226,227,228,228,228,229,230,231,232,232,233,233,233,233,235,235,235,235,236,236,235,235,235,233,234,233,232,232,230,230,229,227,227,225,223,223,222,221,221,220,219,218,217,216,215,212,210,209,208,203,202,201,200,198,197,197,195,195,194,193,193,191,191,190,189,188,188,188,187,187,185,186,186,187,187
215,215,215,215,215,215,214,213,214,214,214,213,213,213,213,212,212,212,212,212,211,211,210,210,209,209,208,209,208,208,207,207,206,206,205,205,204,204,203,204,203,203,202,203,203,202,201,201,201,200,199,200,200,199,199,200,200,199,198,198,197,197,196,195,196,196,196,195,195,195,194,194,194,194,194,194,193,193,193,193,193,191,191,191,191,191,191,191,191,191,191,191,191,191,191,191,191,191,192,192,192,192,192,193,193,194,194,194,194,194,195,196,196,197,197,198,198,199,200,201,201,202,202,203,203,204,204,205,205,206,206,206,206,206,205,205,204,204,203,203,202,202,201,201,200,200,200,200,200,199,199,199,199,199,199,198,198,198,197,197,197,197,196,196,196,196,196,196,196,196,196,196,196,195,195,195,195,195,195,195,195,195,195,195,195,195,195,195,195,196,196,196,196,196,196,196,196,197,197,197,197,197,197,197,198,198,197,196,196,196,196,196,196,196,196,196,196,196,196,196,197,198,198,199,201,202,204,205,208,209,211,212,213,214,216,217,218,218,219,220,220,221,222,223,224,226,226,227,228,228,228,228,228,227,226,226,225,225,224,225,225,226,227,228,228,228,229,230,231,231,231,232,233,233,233,234,234,234,234,235,235,234,234,234,233,233,232,232,231,230,230,228,227,226,225,223,223,222,221,221,219,219,218,217,216,215,212,210,209,205,203,202,201,200,198,197,196,195,195,194,193,192,192,191,190,189,189,189,188,187,187,186,186,186,187,187
215,215,215,215,215,215,214,213,214,214,214,213,213,213,213,211,211,211,211,211,211,210,209,209,209,208,207,208,208,207,206,206,206,205,204,204,204,203,202,203,203,202,201,203,203,202,201,201,201,200,199,200,200,199,199,200,200,199,198,198,197,197,196,195,196,196,196,195,195,195,194,194,194,194,194,194,193,193,193,193,193,191,191,191,191,191,191,192,192,192,191,191,191,191,192,192,192,192,193,193,193,193,193,193,194,195,195,195,195,195,196,196,197,198,198,198,199,200,201,201,202,203,203,203,204,205,205,205,206,207,206,206,206,205,205,204,203,203,203,202,201,201,201,200,199,200,200,200,200,199,199,199,199,199,199,198,198,198,197,197,197,197,196,196,196,196,196,196,196,196,196,196,196,195,195,195,195,195,195,195,195,195,195,195,195,195,195,195,195,196,196,196,196,197,197,197,197,197,197,197,197,197,197,197,198,198,197,196,196,196,196,196,196,196,196,196,196,196,196,196,198,198,199,200,202,203,204,206,209,210,211,213,214,215,216,218,218,218,219,220,220,221,222,223,224,225,226,227,228,228,227,227,227,226,226,225,224,224,224,224,225,226,227,228,228,228,229,230,231,231,231,231,232,233,233,233,233,233,233,234,234,233,233,233,233,232,232,231,230,230,229,228,227,226,225,223,223,222,221,220,219,219,218,217,216,215,212,210,208,205,203,202,201,200,198,197,196,195,195,194,193,192,192,191,190,189,190,190,188,187,187,186,185,186,187,187
215,215,214,214,215,215,215,215,214,214,214,213,213,213,213,211,211,211,211,211,211,210,209,209,209,208,207,208,208,207,206,206,206,205,204,204,204,203,202,202,202,202,202,201,201,201,201,200,200,200,200,200,199,199,199,199,199,199,198,198,197,197,197,197,197,197,196,196,196,196,195,195,193,193,193,194,194,192,192,192,192,192,192,193,193,193,193,192,192,192,192,192,192,192,192,192,192,192,192,192,193,194,194,194,195,196,195,195,196,197,197,197,198,199,200,200,201,202,202,202,203,204,203,203,204,205,206,206,206,206,206,205,204,205,205,204,203,204,204,203,202,200,200,200,200,199,199,199,199,199,199,199,199,199,198,197,198,198,197,197,197,197,196,196,196,196,196,196,196,196,196,196,196,194,194,194,194,194,194,194,194,195,195,195,195,195,195,195,195,197,197,197,197,197,197,197,197,197,197,197,197,197,197,197,197,197,197,197,196,196,196,196,195,195,195,195,196,196,197,198,199,200,201,203,204,205,206,208,210,211,212,214,216,216,217,218,218,218,219,220,221,222,223,223,224,225,226,227,228,228,228,228,226,225,225,224,223,223,223,223,224,225,225,226,226,227,228,229,230,230,230,231,231,233,233,232,232,233,233,235,235,233,234,234,233,231,231,231,231,230,229,226,226,225,224,223,223,222,221,220,219,218,217,216,215,214,213,209,208,205,203,202,201,200,197,197,195,194,194,194,192,191,191,191,191,190,189,189,188,188,187,187,187,186,187,187
215,215,214,214,215,215,215,215,214,214,214,213,213,213,213,211,211,211,211,211,210,209,209,209,208,207,207,208,207,206,206,206,205,204,204,204,204,203,202,202,202,202,202,201,201,201,201,200,200,200,200,200,199,199,199,199,199,198,198,198,197,197,197,197,197,197,196,196,196,196,195,195,193,193,193,194,194,192,192,192,192,192,192,193,193,193,193,192,192,192,192,192,192,192,192,192,192,192,192,193,194,194,194,195,196,196,196,196,197,198,197,198,199,199,200,201,202,202,202,203,204,204,203,204,205,205,206,206,206,206,206,205,204,205,205,204,203,204,203,202,202,200,200,200,200,199,199,199,199,199,199,199,199,199,198,197,198,198,197,197,197,197,196,196,196,196,196,196,196,196,196,196,196,194,194,194,194,194,194,194,194,195,195,195,195,195,195,195,195,197,197,197,197,197,197,197,197,197,197,197,197,197,197,197,197,197,197,197,196,196,196,196,195,195,195,195,196,197,198,198,199,200,202,203,204,205,207,208,210,211,213,214,216,216,217,218,218,218,219,220,221,222,223,223,224,225,226,227,228,228,228,227,226,225,225,224,223,223,223,223,224,225,225,226,227,227,228,229,230,230,230,231,231,233,233,232,232,233,233,235,235,233,234,233,232,232,231,231,230,230,228,226,226,225,224,223,223,221,221,220,219,218,217,216,215,214,211,209,208,205,203,202,201,198,197,196,195,194,194,193,192,191,191,191,191,190,189,189,188,188,187,187,186,186,187,187
215,215,214,214,214,214,214,214,213,213,213,212,212,212,212,210,210,210,210,210,209,209,208,208,207,207,206,207,206,206,205,205,204,204,203,204,204,203,202,202,202,202,202,201,201,201,201,200,200,200,200,199,199,199,199,199,199,198,198,198,197,197,197,197,197,197,196,196,196,196,195,195,194,194,194,194,194,193,193,193,193,193,193,193,193,193,193,193,193,193,193,193,193,193,193,193,193,193,193,194,194,195,195,196,196,197,197,198,199,199,198,199,199,200,201,202,202,203,203,204,204,205,204,205,205,206,206,206,206,206,206,205,204,205,205,204,203,203,202,202,201,200,200,200,200,199,199,199,199,199,199,199,199,199,198,197,198,198,197,197,197,196,196,196,196,196,196,196,196,196,196,196,196,195,195,195,195,195,195,195,195,196,196,196,196,196,196,196,196,197,197,197,197,197,197,197,197,197,197,197,197,197,197,197,197,197,197,197,196,196,196,196,196,196,196,196,197,198,198,199,200,201,203,204,205,206,208,209,211,212,214,215,216,216,217,218,218,218,219,220,221,222,223,223,224,225,226,227,228,228,227,226,226,225,225,224,223,222,223,223,224,225,225,226,226,227,228,229,230,230,230,231,231,232,232,232,232,233,233,234,234,233,233,232,232,231,231,231,230,229,228,226,226,225,224,223,222,221,221,220,219,218,217,216,215,213,211,209,208,205,203,202,200,198,197,196,195,194,194,193,192,191,191,191,190,190,189,189,188,188,187,187,186,186,187,187
215,215,214,214,213,213,213,213,212,212,212,211,211,211,211,209,209,209,209,209,209,208,207,207,207,206,205,206,206,205,204,204,204,203,202,204,204,203,202,202,202,202,202,201,201,201,201,200,200,200,200,199,199,199,199,199,199,198,198,198,197,197,197,197,197,197,196,196,196,196,195,195,195,195,195,194,194,194,194,194,194,194,194,193,193,193,193,194,194,194,194,194,194,194,194,194,194,194,194,194,195,196,196,196,197,198,199,199,200,201,199,199,200,201,202,202,203,204,204,204,205,206,205,205,206,207,206,206,206,206,206,205,204,205,205,204,203,202,202,201,200,200,200,200,200,199,199,199,199,199,199,199,199,199,198,197,198,198,197,197,197,196,196,196,196,196,196,196,196,196,196,196,196,196,196,196,196,196,196,196,196,197,197,197,197,197,197,197,197,197,197,197,197,197,197,197,197,197,197,197,197,197,197,197,197,197,197,197,196,196,196,196,196,197,197,197,198,198,199,200,201,202,203,205,206,207,208,210,212,213,214,216,216,216,217,218,218,218,219,220,221,222,223,223,224,225,226,227,228,228,226,226,225,224,225,224,223,222,223,223,224,225,225,226,226,227,228,229,230,230,230,231,231,231,231,232,233,233,233,233,233,233,232,232,231,231,231,231,230,229,228,226,226,225,224,223,222,221,221,220,219,218,217,216,214,213,211,209,208,205,203,201,200,197,197,196,195,194,194,193,192,191,191,191,190,190,189,189,188,188,187,188,186,186,187,187
214,214,213,213,213,213,213,213,213,212,211,212,212,211,210,210,210,209,208,209,209,208,207,206,206,206,206,205,205,204,203,204,204,203,202,203,203,203,203,202,202,202,202,200,200,200,200,201,201,200,200,200,200,200,199,199,199,199,199,197,198,198,196,196,196,196,195,195,195,195,196,196,195,195,195,194,194,194,194,194,194,194,194,194,194,194,194,194,194,194,194,194,194,194,194,194,195,196,195,195,196,197,198,198,199,200,200,200,200,200,200,200,201,202,204,204,204,204,205,205,205,205,207,207,207,207,207,206,205,205,205,204,203,204,204,203,202,201,201,201,201,201,201,200,199,200,200,200,200,200,200,199,199,199,199,199,198,198,197,197,197,197,197,197,197,197,197,197,197,196,196,196,196,195,195,195,195,197,197,197,197,197,197,197,197,198,198,198,198,197,197,197,197,198,198,198,198,198,198,198,198,198,198,197,197,197,197,197,197,197,197,197,197,196,197,198,198,198,199,200,202,203,204,206,208,209,210,212,213,213,214,215,218,218,218,218,219,219,220,221,222,222,224,224,225,226,227,227,227,227,227,227,226,225,223,223,222,222,222,222,223,224,225,226,226,227,228,228,228,228,229,229,229,230,231,231,232,232,232,233,233,233,231,231,231,231,231,229,229,228,227,225,225,224,223,223,222,221,220,219,218,218,217,215,214,213,211,209,208,205,203,202,199,198,198,197,196,195,195,194,193,193,192,191,190,190,189,189,189,188,187,187,187,187,187,187
214,214,213,213,213,213,213,213,212,211,211,212,211,210,210,210,209,208,208,209,208,207,207,206,206,206,206,205,205,204,203,204,204,203,202,203,203,203,203,202,202,202,202,200,200,200,200,201,200,200,200,200,200,200,199,199,199,199,199,197,197,198,196,196,196,196,195,195,195,195,196,196,195,195,195,194,194,194,194,194,194,194,194,194,194,194,194,194,194,194,194,194,194,194,194,195,196,196,196,196,197,198,198,199,200,200,200,200,200,200,201,201,202,203,204,204,204,204,205,205,205,205,207,207,207,207,207,206,205,205,205,204,203,204,204,203,202,201,201,201,201,201,201,200,199,200,200,200,200,200,199,199,199,199,199,198,198,198,197,197,197,197,197,197,197,197,197,197,197,196,196,196,196,195,195,195,195,197,197,197,197,197,197,197,197,198,198,198,198,197,197,197,197,198,198,198,198,198,198,198,198,198,198,197,197,197,197,197,197,197,197,197,197,196,197,198,198,199,200,200,202,203,205,206,208,209,211,212,213,214,215,215,218,218,218,218,219,219,220,221,222,222,223,224,225,226,227,227,227,227,227,226,225,225,223,223,222,222,222,222,223,224,225,226,226,227,228,228,228,228,229,229,229,230,231,231,232,232,232,233,233,233,231,231,231,231,231,229,229,228,227,225,225,224,223,223,222,221,220,219,218,218,216,215,214,213,211,209,208,203,203,201,199,198,198,197,196,195,195,194,193,193,192,191,190,190,189,189,189,188,187,187,187,187,187,187
214,214,213,213,212,212,212,212,211,211,210,211,210,210,209,209,208,208,207,208,207,207,206,205,205,205,205,205,205,204,203,204,204,203,202,203,203,203,203,202,202,202,202,201,201,201,201,201,200,200,200,200,200,200,199,199,199,199,199,198,198,198,197,197,197,197,196,196,196,196,196,196,196,196,196,195,195,195,195,195,195,195,195,195,195,195,195,195,195,195,195,195,195,195,195,196,196,197,197,198,199,199,199,200,200,201,201,201,201,201,202,203,204,204,205,205,205,205,206,206,206,206,207,207,207,207,207,206,205,205,205,204,203,204,204,203,202,201,201,201,201,201,201,200,199,200,200,200,200,200,199,199,199,199,199,198,198,198,197,197,197,197,197,197,197,197,197,197,197,196,196,196,196,196,196,196,196,197,197,197,197,197,197,197,197,198,198,198,198,198,198,198,198,198,198,198,198,198,198,198,198,198,198,197,197,197,197,197,197,197,197,197,197,197,198,198,199,200,200,201,203,204,206,207,209,210,212,213,214,215,215,216,218,218,218,218,219,219,220,221,222,222,223,224,225,226,227,227,227,227,226,225,225,224,223,223,222,222,222,222,223,224,225,225,226,227,228,228,228,228,229,229,229,230,231,231,231,231,231,232,232,232,231,231,230,230,230,229,229,228,227,225,225,224,223,223,222,221,220,219,218,217,216,215,214,213,211,209,205,203,202,201,199,198,198,196,196,195,195,194,193,193,192,191,190,190,190,189,189,188,188,188,188,188,188,188
214,214,213,213,211,211,211,211,211,210,209,210,210,209,208,208,208,207,206,207,207,206,205,204,204,204,204,205,205,204,203,204,204,203,202,203,203,203,203,202,202,202,202,202,202,202,201,201,200,200,200,200,200,199,199,199,199,199,199,199,199,198,198,198,198,197,197,197,197,197,196,197,197,197,197,196,196,196,196,196,196,196,196,196,196,196,196,196,196,196,196,196,196,196,196,196,197,198,199,199,200,201,200,200,201,202,202,202,202,202,204,204,205,206,206,206,206,206,207,207,207,207,207,207,207,207,207,206,205,205,205,204,203,204,204,203,202,201,201,201,201,201,201,200,199,200,200,200,200,200,199,199,199,199,199,198,198,198,197,197,197,197,197,197,197,197,197,197,197,196,196,196,196,197,197,197,197,197,197,197,197,197,197,197,197,198,198,198,198,199,199,199,199,198,198,198,198,198,198,198,198,198,198,197,197,197,197,197,197,197,197,197,197,198,198,199,200,200,201,202,204,205,206,208,210,211,212,214,215,215,216,217,218,218,218,218,219,219,220,221,222,222,223,224,224,226,227,227,227,227,225,225,224,223,223,223,222,222,222,222,223,224,225,225,226,227,228,228,228,228,229,229,229,230,231,230,230,230,230,231,231,231,231,231,229,229,229,229,229,228,227,225,225,223,223,223,222,221,220,219,218,217,216,215,214,213,211,208,205,203,202,201,199,198,197,196,196,195,195,194,193,193,192,191,190,190,191,189,188,188,189,189,189,189,189,189
214,214,212,212,212,211,210,211,211,211,211,208,208,208,208,207,207,207,207,206,206,206,206,205,205,205,205,204,204,204,204,204,204,204,204,203,203,203,203,203,203,203,203,201,201,201,202,202,200,200,200,201,201,200,200,199,199,200,201,199,199,198,198,198,198,197,197,198,198,196,196,196,196,196,196,196,196,196,196,196,196,196,196,196,196,196,197,197,197,197,197,197,197,197,198,198,199,200,201,201,201,201,201,201,202,203,203,203,204,205,205,205,206,207,207,207,207,207,208,208,208,209,209,207,206,206,206,205,204,204,204,204,204,203,203,203,203,202,202,202,202,200,200,200,200,201,201,201,200,200,200,200,200,199,199,199,199,199,197,197,197,197,197,197,197,196,196,196,196,196,196,196,196,198,198,198,198,197,197,197,197,199,199,199,199,198,198,198,198,199,199,199,199,198,198,198,199,199,199,199,199,199,199,198,198,198,198,198,198,198,198,198,197,197,198,199,200,201,203,205,206,207,208,210,212,212,213,214,217,217,217,217,218,218,219,220,220,220,221,222,222,222,223,224,224,225,226,226,225,224,225,225,224,223,222,222,221,221,222,224,224,224,225,225,227,227,227,228,228,229,229,230,230,230,231,231,231,231,231,231,231,231,230,230,229,229,229,228,228,227,226,225,224,223,222,222,221,220,220,218,218,217,216,215,214,213,209,208,205,203,202,201,199,199,198,197,197,195,195,194,193,193,192,192,192,191,190,190,190,188,188,189,189,188,188,188
214,214,212,212,212,211,210,211,211,211,211,208,208,208,208,207,207,207,207,206,206,206,206,205,205,205,205,204,204,204,204,204,204,204,204,203,203,203,203,203,203,203,203,201,201,201,202,202,200,200,200,201,200,200,200,199,200,200,201,199,199,198,198,198,198,197,197,198,198,196,196,196,196,196,196,196,196,196,196,196,196,196,196,196,196,196,197,197,197,197,198,198,198,198,198,199,200,200,201,201,201,201,201,202,203,203,203,204,205,205,205,206,207,207,207,207,207,207,208,208,208,209,208,207,206,206,206,205,204,204,204,204,204,203,203,203,203,202,202,202,202,200,200,200,200,201,201,200,200,200,200,200,199,199,199,199,199,199,197,197,197,197,197,197,197,196,196,196,196,196,196,196,196,198,198,198,198,197,197,197,197,199,199,199,199,198,198,198,198,199,199,199,199,198,198,198,199,199,199,199,199,199,199,198,198,198,198,198,198,198,198,198,197,197,198,200,200,201,202,205,206,207,209,210,212,213,214,214,217,217,217,217,218,218,219,220,220,220,221,222,222,222,223,224,224,225,226,226,225,224,225,225,224,223,222,222,221,222,222,223,224,224,225,225,226,227,227,228,228,229,229,230,230,230,231,231,231,231,231,231,231,231,230,230,229,229,229,228,228,227,226,225,224,223,222,222,221,220,219,218,218,217,216,215,214,211,209,207,205,203,202,201,199,199,198,197,196,195,195,194,194,193,192,192,192,191,190,190,190,188,188,189,189,188,188,188
213,213,212,212,212,211,210,210,210,210,210,208,208,208,208,207,207,207,207,206,206,206,206,205,205,205,205,204,204,204,204,204,204,204,204,203,203,203,203,203,203,203,203,202,202,202,202,202,201,201,201,201,201,200,200,200,200,200,200,200,200,199,199,199,199,198,198,198,198,197,197,197,197,197,197,197,197,197,197,197,197,197,197,197,197,197,198,198,198,198,199,199,199,199,199,200,200,201,202,202,202,202,202,203,203,204,204,205,205,206,206,207,207,208,208,208,208,208,208,208,208,208,208,207,206,206,206,205,204,204,204,204,204,203,203,203,203,202,202,202,202,201,201,201,201,201,201,200,200,200,200,200,199,199,199,199,199,199,198,198,198,198,198,198,198,197,197,197,197,197,197,197,197,198,198,198,198,198,198,198,198,199,199,199,199,199,199,199,199,199,199,199,199,199,199,199,199,199,199,199,199,199,199,198,198,198,198,198,198,198,198,198,198,198,198,200,201,202,203,205,207,208,210,211,213,214,214,215,217,217,217,217,218,218,219,220,220,220,221,222,222,222,223,224,224,225,226,226,225,224,225,225,224,223,222,222,221,221,222,223,224,224,225,225,226,227,227,227,228,229,229,230,230,230,231,231,231,231,231,231,231,231,230,230,229,229,229,228,228,227,225,225,224,223,222,222,221,220,219,218,218,217,216,215,213,211,208,207,205,203,202,201,199,199,198,197,196,196,196,195,194,194,193,193,192,191,191,190,190,189,189,190,190,189,189,189
212,212,212,212,212,211,210,209,209,209,209,208,208,208,208,207,207,207,207,206,206,206,206,205,205,205,205,204,204,204,204,204,204,204,204,203,203,203,203,203,203,203,203,203,203,202,202,202,202,202,201,202,202,200,200,201,201,200,199,201,201,200,200,200,200,199,198,198,198,198,198,198,198,198,198,198,198,198,198,198,198,198,198,198,198,198,199,199,199,199,201,201,201,201,200,200,201,202,203,203,203,203,203,203,204,205,205,205,206,207,207,207,208,209,209,209,209,209,208,208,208,208,208,207,206,206,206,205,204,204,204,204,204,203,203,203,203,202,202,202,202,202,202,202,201,201,201,200,200,200,200,200,199,199,199,199,199,199,199,199,199,199,199,199,199,198,198,198,198,198,198,198,198,198,198,198,198,199,199,199,199,199,199,199,199,200,200,200,200,199,199,199,199,200,200,200,199,199,199,199,199,199,199,198,198,198,198,198,198,198,198,198,199,199,199,200,201,203,204,205,207,209,210,212,214,214,215,216,217,217,217,217,218,218,219,220,220,220,221,222,222,222,223,224,224,225,226,226,225,224,225,225,224,223,222,222,221,221,222,222,224,224,225,225,226,227,227,227,228,229,229,230,230,230,231,231,231,231,231,231,231,231,230,229,229,229,229,228,228,226,225,225,224,223,222,222,220,220,219,218,218,217,216,214,213,209,208,207,205,203,202,201,199,199,197,197,196,197,196,195,195,194,194,193,193,192,192,190,190,190,190,191,191,190,190,190
213,213,211,211,211,210,209,209,209,209,209,208,208,208,208,207,207,207,207,206,206,206,206,205,205,205,205,205,205,205,205,204,204,204,204,204,204,204,204,203,203,203,203,203,203,203,203,203,202,202,201,202,202,201,201,201,201,201,201,201,200,200,200,200,200,200,199,199,199,198,198,198,198,198,198,198,198,198,198,198,198,198,199,199,199,199,199,199,200,201,200,200,201,202,203,203,203,203,203,203,204,205,204,204,205,206,206,206,207,208,208,208,208,208,209,209,209,209,209,208,208,206,206,206,206,206,206,205,204,204,204,204,204,202,202,202,202,202,202,202,202,203,203,203,202,202,202,202,202,201,201,200,200,200,200,200,200,200,198,198,198,198,199,199,199,199,199,199,199,198,198,198,198,199,199,199,199,199,199,199,199,200,200,200,200,199,199,199,199,199,199,199,199,199,199,199,199,200,200,200,199,199,199,198,198,198,198,198,198,198,198,198,199,200,201,201,201,203,205,206,207,209,211,213,214,214,215,216,217,217,218,219,219,219,220,221,222,222,222,222,223,223,224,225,225,226,226,226,225,224,223,223,223,223,222,222,221,221,222,222,223,224,224,225,226,226,226,227,228,228,229,229,229,229,230,230,230,231,231,230,230,230,230,228,228,228,228,227,226,225,224,224,223,222,221,222,220,220,219,218,218,217,215,214,211,209,208,207,205,203,202,201,199,198,197,197,197,195,195,195,196,196,195,193,192,192,191,191,190,190,190,190,190,190,190,190
213,213,211,211,211,210,209,209,209,209,209,208,208,208,208,207,207,207,207,206,206,206,206,205,205,205,205,205,205,205,205,204,204,204,204,204,204,204,204,203,203,203,203,203,203,203,203,203,202,202,201,201,201,201,201,201,201,201,201,201,200,200,200,200,200,200,199,199,199,198,198,198,198,198,198,198,198,198,198,198,198,198,199,199,199,199,199,200,201,201,200,201,202,202,203,203,203,203,203,204,205,205,204,205,206,206,206,207,208,208,208,208,208,208,209,209,209,209,208,208,208,206,206,206,206,206,206,205,204,204,204,204,204,202,202,202,202,202,202,202,202,203,203,202,202,202,202,202,201,201,200,200,200,200,200,200,200,200,198,198,198,198,199,199,199,199,199,199,199,198,198,198,198,199,199,199,199,199,199,199,199,200,200,200,200,199,199,199,199,199,199,199,199,199,199,199,199,200,200,200,199,199,199,198,198,198,198,198,198,198,198,198,199,200,201,201,202,203,205,207,207,209,210,213,214,215,216,216,217,217,218,219,219,219,220,221,222,222,222,222,223,223,224,225,225,226,226,226,225,224,223,223,223,223,222,222,221,221,222,222,223,224,224,225,226,226,226,227,228,228,229,229,229,229,230,230,231,231,231,230,230,230,230,228,228,228,228,227,226,225,224,224,223,222,222,222,220,220,219,218,218,216,215,213,211,209,208,207,205,203,203,201,199,198,198,197,197,195,195,195,195,196,194,193,192,192,191,191,190,190,190,190,190,190,190,190
213,213,211,211,211,210,209,209,209,209,209,208,208,208,208,207,207,207,207,206,206,206,206,205,205,205,205,205,205,205,205,204,204,204,204,204,204,204,204,204,204,204,203,203,203,203,203,202,202,202,202,202,201,201,201,201,201,201,201,201,201,201,201,201,200,200,200,199,199,199,199,199,199,199,199,199,199,199,199,199,199,199,200,200,200,200,200,201,201,202,201,202,202,203,204,204,204,204,204,205,205,206,205,206,206,207,207,208,208,209,209,209,209,209,209,209,209,209,208,208,208,206,206,206,206,206,206,205,204,204,204,204,204,203,203,203,203,203,203,203,203,203,203,202,202,202,202,202,201,201,200,200,200,200,200,200,200,200,199,199,199,199,199,199,199,199,199,199,199,199,199,199,199,200,200,200,200,200,200,200,200,200,200,200,200,200,200,200,200,200,200,200,200,200,200,200,200,200,200,200,200,200,200,199,199,199,199,199,199,199,199,199,199,201,201,202,203,203,204,207,208,210,211,213,215,216,216,217,217,217,218,219,219,219,220,221,222,222,222,222,223,223,224,225,225,226,226,226,225,224,223,223,223,223,222,222,221,221,222,222,223,224,224,225,225,227,226,227,228,228,228,229,229,229,230,230,231,231,231,230,230,230,230,228,228,228,227,227,226,225,224,224,223,222,222,222,220,220,219,218,217,216,214,213,211,209,208,207,205,204,203,200,200,199,198,197,197,196,196,196,196,195,194,194,193,193,192,192,191,191,191,191,191,191,191,191
213,213,211,211,211,210,209,209,209,209,209,208,208,208,208,207,207,207,207,206,206,206,206,205,205,205,205,205,205,205,205,204,204,204,204,204,204,204,204,205,205,205,203,203,203,203,203,202,202,202,202,202,201,201,201,201,201,201,201,201,202,202,202,202,201,201,201,199,199,200,200,200,200,200,200,200,200,200,200,200,200,200,201,201,201,201,201,201,202,203,202,202,203,204,205,205,205,205,205,205,206,207,206,206,207,208,208,208,209,210,210,210,210,210,209,209,209,208,208,208,208,206,206,206,206,206,206,205,204,204,204,204,204,204,204,204,204,204,204,204,204,203,203,202,202,202,202,202,201,201,200,200,200,200,200,200,200,200,200,200,200,199,199,199,199,199,199,199,199,200,200,200,200,201,201,201,201,201,201,201,201,200,200,200,200,201,201,201,201,201,201,201,201,201,201,201,200,200,200,200,201,201,201,200,200,200,200,200,200,200,200,200,200,201,202,203,203,204,205,207,208,211,212,213,215,216,217,218,217,217,218,219,219,219,220,221,222,222,222,222,223,223,224,225,225,226,226,226,225,224,223,223,223,223,222,222,221,221,222,222,223,224,224,224,225,226,226,227,228,228,228,229,229,229,230,230,231,231,231,230,230,230,230,228,228,228,227,227,226,225,224,224,223,222,222,222,220,220,219,218,217,215,214,213,211,209,208,207,205,205,202,201,200,200,199,197,197,197,197,197,196,195,195,194,194,194,193,193,192,192,192,192,192,192,192,192
212,212,211,211,210,210,210,209,209,209,209,208,208,208,208,208,208,208,208,207,207,207,207,206,206,206,206,205,205,205,205,205,205,205,205,205,205,205,204,204,204,204,203,203,203,203,203,203,203,203,203,203,202,202,202,202,202,202,202,202,201,201,201,200,200,200,200,200,200,200,200,200,200,200,200,201,201,201,201,201,201,201,202,202,202,202,202,202,203,204,203,203,204,205,205,205,206,207,207,207,207,207,208,208,208,208,209,209,209,209,210,210,210,210,210,209,209,208,208,208,208,207,207,207,207,206,206,206,206,204,204,204,204,204,204,204,204,203,203,203,203,203,202,202,202,203,203,201,201,201,200,200,200,200,200,200,200,200,200,200,200,201,201,201,201,200,200,200,200,200,200,200,200,201,201,201,201,201,201,201,201,201,201,201,201,201,201,201,201,201,201,201,201,200,200,200,200,201,201,200,200,200,200,199,199,199,199,200,200,200,199,199,201,201,201,203,203,205,207,208,209,212,213,214,215,217,217,217,218,218,219,220,219,219,220,221,221,221,222,223,224,224,225,226,226,225,224,224,224,224,224,224,223,222,221,221,221,221,222,222,223,224,224,224,226,226,226,227,227,228,228,229,229,229,230,230,231,231,230,230,229,229,229,229,228,227,227,227,226,225,224,224,223,222,222,221,220,220,218,218,216,216,215,214,212,210,209,208,206,204,203,201,201,200,199,198,198,198,197,197,196,196,194,194,194,194,193,193,193,193,193,193,192,192,193,193
212,212,211,211,210,210,210,209,209,209,209,208,208,208,208,208,208,208,208,207,207,207,207,206,206,206,206,205,205,205,205,205,205,205,205,205,205,205,204,204,204,204,203,203,203,203,203,203,203,203,203,203,202,202,202,202,202,202,202,202,201,201,201,200,200,200,200,200,200,200,200,200,200,200,200,201,201,201,201,201,201,201,202,202,202,202,202,203,204,204,203,204,205,205,205,206,207,207,207,207,207,207,208,208,208,208,209,209,209,209,210,210,210,210,209,209,209,208,208,208,208,207,207,207,207,206,206,206,206,204,204,204,204,204,204,204,204,203,203,203,203,203,202,202,202,203,203,201,201,201,200,200,200,200,200,200,200,200,200,200,200,201,201,201,201,200,200,200,200,200,200,200,200,201,201,201,201,201,201,201,201,201,201,201,201,201,201,201,201,201,201,201,201,200,200,200,200,201,201,200,200,200,200,199,199,199,199,200,200,200,199,200,201,201,202,203,203,204,207,208,209,211,213,215,215,217,217,217,218,218,219,220,219,220,221,221,221,222,223,223,224,224,225,226,226,225,224,224,224,224,224,224,223,222,221,221,221,221,222,222,223,224,224,224,226,226,226,227,227,228,228,229,229,229,230,230,231,231,230,230,229,229,229,229,228,227,227,227,226,225,224,224,223,222,222,221,220,219,218,217,216,216,215,214,212,210,209,208,205,204,203,201,201,200,200,198,198,198,197,197,196,196,194,194,194,194,193,193,193,193,193,193,192,192,193,193
212,212,211,211,210,210,210,209,209,209,209,208,208,208,208,208,208,208,208,207,207,207,207,206,206,206,206,206,206,206,206,206,206,206,206,205,205,205,205,205,205,204,204,204,204,204,204,204,204,204,203,203,203,203,203,203,203,203,203,203,202,202,202,201,201,201,201,201,201,201,201,201,201,201,201,202,202,202,202,202,202,202,203,203,203,203,203,204,204,205,204,205,205,206,206,207,207,208,208,208,208,208,209,209,209,209,210,210,210,210,210,210,210,210,209,209,209,208,208,208,208,207,207,207,207,206,206,206,206,205,205,205,205,205,205,205,205,204,204,204,204,204,203,203,203,203,203,202,202,202,201,201,201,201,201,201,201,201,201,201,201,201,201,201,201,201,201,201,201,201,201,201,201,202,202,202,202,202,202,202,202,202,202,202,202,202,202,202,202,202,202,202,202,201,201,201,201,201,201,201,201,201,201,200,200,200,200,200,200,200,200,201,201,202,203,203,204,205,207,209,210,212,213,215,216,217,217,217,218,218,219,220,220,221,221,222,222,223,223,224,224,224,225,226,226,225,225,224,224,224,224,224,223,222,221,221,221,221,222,222,223,224,224,224,224,226,226,227,227,228,228,229,229,229,230,230,230,230,230,230,229,229,229,229,228,227,227,227,226,225,224,224,223,222,222,220,220,219,218,217,216,216,215,214,212,210,209,206,205,204,203,202,202,201,200,199,199,199,198,198,197,197,195,195,195,195,194,194,194,194,194,194,193,193,194,194
212,212,211,211,210,210,210,209,209,209,209,208,208,208,208,208,208,208,208,207,207,207,207,206,206,206,206,207,207,207,207,207,207,207,207,205,205,205,206,206,205,205,205,205,205,205,205,205,205,205,203,203,204,204,204,204,204,204,204,204,203,203,203,202,202,202,202,202,202,202,202,202,202,202,202,203,203,203,203,203,203,203,204,204,204,204,204,204,205,206,205,205,206,207,207,207,208,209,209,209,209,209,210,210,210,210,211,211,211,211,210,210,210,210,209,209,209,208,208,208,208,207,207,207,207,206,206,206,206,206,206,206,206,206,206,206,206,205,205,205,205,205,204,204,203,203,203,203,203,203,202,202,202,202,202,202,202,202,202,202,202,201,201,201,201,202,202,202,202,202,202,202,202,203,203,203,203,203,203,203,203,203,203,203,203,203,203,203,203,203,203,203,203,202,202,202,201,201,201,202,202,202,202,201,201,201,200,200,200,200,201,201,202,203,203,204,205,205,207,209,211,212,214,215,216,217,217,217,217,218,219,220,221,221,222,223,223,223,224,225,224,224,225,226,226,225,225,224,224,224,224,224,223,222,221,221,221,221,222,222,223,224,224,224,224,226,226,226,227,228,228,229,229,229,230,229,229,229,230,230,229,229,229,229,228,227,227,227,226,225,224,224,222,222,221,220,220,219,218,217,216,216,215,214,212,210,208,206,205,204,203,203,202,202,201,200,200,200,199,198,198,198,196,196,196,196,195,195,195,195,195,195,194,194,195,195
212,212,211,211,210,210,210,210,210,210,210,209,209,209,209,208,208,208,208,208,208,208,208,207,207,207,207,208,208,208,208,207,207,207,206,206,206,206,206,206,205,205,205,206,206,206,205,205,205,205,204,204,205,205,204,204,203,203,203,203,203,203,203,203,203,202,202,202,203,203,203,203,203,203,203,203,203,203,203,203,204,205,206,206,206,206,207,207,207,207,207,207,208,209,209,209,209,209,210,210,210,210,211,211,211,211,212,212,212,211,211,211,210,209,209,209,209,207,207,207,207,207,207,206,205,206,206,206,206,206,206,206,206,205,205,205,205,206,206,205,205,205,204,204,204,204,204,203,203,203,203,203,203,203,202,202,202,202,202,202,202,202,202,202,202,202,202,202,202,203,203,203,203,203,203,203,203,204,204,204,204,203,203,203,203,203,203,203,203,203,203,203,203,202,202,202,201,201,201,201,201,201,201,201,201,201,202,202,202,202,202,202,203,204,203,203,205,207,207,209,212,213,214,217,217,217,217,218,219,220,220,220,220,220,221,222,223,223,224,225,225,225,225,225,226,225,225,223,223,223,222,222,222,222,221,221,222,222,223,223,224,225,223,223,224,226,226,226,227,227,228,228,228,229,229,230,230,230,229,229,229,229,228,228,227,226,226,226,225,224,224,223,222,222,221,221,219,218,218,217,216,216,215,214,212,211,210,208,205,205,203,202,202,201,200,200,199,198,198,198,199,199,197,197,196,196,196,196,196,195,195,195,194,194,196,196
212,212,211,211,210,210,210,210,210,210,210,209,209,209,209,208,208,208,208,208,208,208,208,207,207,207,207,208,208,208,208,207,207,207,206,206,206,206,206,206,205,205,205,206,206,205,205,205,205,205,204,204,205,205,204,204,203,203,203,203,203,203,203,203,203,202,202,202,203,203,203,203,203,203,203,203,203,203,203,204,205,205,206,206,206,206,207,207,207,207,207,208,209,209,209,209,209,209,210,210,210,210,211,211,211,211,212,212,212,211,211,211,210,209,209,209,209,207,207,207,207,207,207,206,206,206,206,206,206,206,206,206,206,205,205,205,205,206,206,205,205,205,204,204,204,204,204,203,203,203,203,203,203,203,202,202,202,202,202,202,202,202,202,202,202,202,202,202,202,203,203,203,203,203,203,203,203,204,204,204,204,203,203,203,203,203,203,203,203,203,203,203,203,202,202,202,201,201,201,201,201,201,201,201,201,201,202,202,202,202,202,203,204,204,204,204,205,208,208,209,212,213,214,217,217,217,217,218,219,220,220,220,220,221,222,222,223,223,224,225,225,225,225,225,226,225,225,224,223,223,222,222,222,222,221,221,222,222,222,223,224,225,223,223,224,225,226,226,227,227,228,228,228,229,229,230,230,230,229,229,229,229,228,228,227,226,226,226,225,224,224,223,222,222,220,221,219,218,218,217,216,216,215,214,212,211,210,208,205,204,204,202,202,201,201,200,199,199,198,198,198,199,197,197,196,196,196,196,196,195,195,194,194,194,196,196
212,212,211,211,210,210,210,210,210,210,210,209,209,209,209,208,208,208,208,208,208,208,208,208,208,208,208,208,208,208,208,207,207,207,207,207,207,207,206,206,206,206,206,206,206,206,206,206,205,205,205,205,205,205,205,205,204,204,204,204,204,204,204,204,203,203,203,203,204,204,204,204,204,204,204,204,204,204,204,205,205,206,207,207,207,207,208,208,208,208,208,209,209,210,210,210,210,210,211,211,211,211,212,212,212,212,212,212,212,211,211,211,210,209,209,209,209,208,208,208,208,208,208,207,206,207,207,207,207,207,207,207,207,206,206,206,206,206,206,206,206,206,205,205,205,205,205,204,204,204,204,204,204,204,203,203,203,203,203,203,203,203,203,203,203,203,203,203,203,204,204,204,204,204,204,204,204,205,205,205,205,204,204,204,204,204,204,204,204,204,204,204,204,203,203,203,202,202,202,202,202,202,202,202,202,202,203,203,203,203,203,204,204,205,205,206,207,207,210,211,211,214,214,217,217,217,217,218,219,220,220,220,221,222,222,223,223,223,224,225,225,225,225,225,226,226,225,224,223,223,222,222,222,221,221,221,222,222,222,223,224,225,223,223,224,225,226,226,227,227,228,228,228,229,229,230,230,230,229,229,229,229,228,228,227,226,226,226,225,224,224,222,222,221,220,221,219,218,218,217,216,216,215,212,212,211,210,208,206,205,204,203,203,202,201,201,200,199,199,199,199,199,198,198,197,197,197,197,197,196,196,195,195,195,196,196
212,211,211,211,211,210,210,210,210,210,210,209,209,209,209,208,208,208,208,208,208,208,208,209,209,209,209,208,208,208,208,207,207,207,208,208,208,208,206,206,207,207,206,206,207,207,207,207,205,205,206,206,205,206,206,206,205,205,205,205,205,205,205,204,204,204,204,204,205,205,205,205,205,205,205,205,205,205,205,205,206,207,208,208,208,208,209,209,209,209,209,209,210,211,211,211,211,211,212,212,212,212,213,213,213,213,212,212,211,211,211,211,210,209,209,209,209,209,209,209,209,209,208,208,207,208,208,208,208,208,208,208,208,207,207,207,207,206,206,207,207,206,206,206,206,206,206,205,205,205,205,205,205,205,204,204,204,204,204,204,204,204,204,204,204,204,204,204,204,205,205,205,205,205,205,205,205,206,206,206,206,205,205,205,205,205,205,205,205,205,205,205,205,204,204,204,203,203,203,203,203,203,203,203,203,203,204,204,204,204,204,204,205,206,207,207,208,209,211,212,213,214,215,216,217,217,217,218,219,220,220,220,220,222,223,224,223,223,224,225,225,225,225,225,226,226,225,224,223,223,222,222,222,221,221,221,222,222,222,223,223,225,223,223,224,225,226,226,227,227,227,228,228,229,229,230,230,230,229,229,229,229,228,228,227,226,226,226,224,224,223,222,222,221,220,221,218,218,218,217,216,216,214,212,212,211,210,207,206,206,205,204,203,203,202,201,201,200,200,200,200,199,199,197,198,198,198,198,198,197,196,196,196,196,196,196
212,213,213,212,211,210,210,209,209,209,209,210,210,209,208,208,208,208,208,208,208,208,208,208,208,208,208,207,207,207,207,207,207,207,207,207,207,207,207,207,207,207,206,206,207,207,207,207,206,206,207,207,206,205,205,205,205,205,205,205,205,205,204,204,204,204,204,204,205,205,205,206,206,206,207,207,207,207,208,208,208,208,209,209,209,209,210,210,210,210,211,211,211,211,211,211,211,211,212,212,212,212,212,212,212,213,213,212,212,212,212,212,211,210,210,210,210,210,210,210,210,208,208,208,208,208,208,208,208,208,208,208,208,208,208,208,208,208,206,206,206,206,207,207,206,206,206,205,205,205,205,205,205,205,204,204,204,204,204,204,204,205,205,205,205,205,205,205,205,205,205,205,205,206,206,206,206,206,206,206,206,206,206,206,206,206,206,206,206,205,205,205,205,204,204,204,204,204,204,204,204,204,204,204,204,204,205,205,205,205,206,206,207,208,207,207,208,209,212,212,214,214,214,216,217,217,217,218,220,221,221,222,223,222,223,224,224,224,225,226,226,226,226,226,225,224,224,224,223,223,222,222,222,222,222,222,222,222,223,224,224,224,225,225,225,225,226,226,227,227,227,228,228,229,229,231,231,231,230,230,230,229,228,228,227,226,226,225,224,224,223,223,223,222,221,221,220,219,219,218,217,216,215,214,212,211,208,207,207,206,205,205,205,204,203,202,201,200,200,200,200,199,199,199,198,197,197,197,197,197,197,197,197,196,196,196
212,213,213,212,211,210,210,209,209,209,209,210,210,209,209,208,208,208,208,208,208,208,208,208,208,208,208,207,207,207,207,207,207,207,207,207,207,207,207,207,207,207,206,206,207,207,207,207,206,206,207,207,205,205,205,205,205,205,205,205,205,205,204,204,204,204,204,204,205,205,205,206,206,206,207,207,207,207,208,208,208,208,209,209,209,209,210,210,210,210,211,211,211,211,211,211,211,211,212,212,212,212,212,212,212,213,213,212,212,212,212,212,211,210,210,210,210,210,210,210,210,208,208,208,208,208,208,208,208,208,208,208,208,208,208,208,208,208,206,206,206,206,207,207,206,206,206,205,205,205,205,205,205,205,204,204,204,204,204,204,204,205,205,205,205,205,205,205,205,205,205,205,205,206,206,206,206,206,206,206,206,206,206,206,206,206,206,206,206,205,205,205,205,204,204,204,204,204,204,204,204,204,204,204,204,204,205,205,205,205,206,207,208,208,208,208,209,210,212,213,214,214,215,216,217,217,217,218,219,221,221,222,223,222,222,224,224,224,225,226,226,226,226,226,225,224,224,224,223,223,222,222,222,222,222,222,222,222,223,224,224,224,224,225,225,225,226,226,226,227,227,228,228,229,229,231,231,231,230,230,230,229,228,228,227,226,226,225,224,224,222,223,223,222,221,221,220,219,219,218,216,216,215,214,212,210,208,207,207,206,205,205,205,204,203,202,201,201,200,200,199,199,199,198,198,197,197,197,197,197,197,197,197,196,196,196
212,213,213,212,211,211,211,210,210,210,210,211,211,210,209,209,209,209,209,209,209,209,209,209,209,209,209,208,208,208,208,208,208,208,208,208,208,208,208,208,208,208,207,207,208,208,208,208,207,207,207,207,206,206,206,206,206,206,206,206,206,206,205,205,205,205,205,205,206,206,206,207,207,207,208,208,208,208,209,209,209,209,210,210,210,210,211,211,211,211,212,212,212,212,212,212,212,212,213,213,213,213,213,213,213,213,212,212,212,212,212,212,211,210,210,210,210,210,210,210,210,209,209,209,209,209,209,209,209,208,208,208,208,208,208,208,208,208,207,207,207,207,207,207,207,207,207,206,206,206,206,206,206,205,205,205,205,205,205,205,205,206,206,206,206,206,206,206,206,206,206,206,206,207,207,207,207,207,207,207,207,207,207,207,207,207,207,207,207,206,206,206,206,205,205,205,205,205,205,205,205,205,205,205,205,205,206,206,206,206,207,208,208,209,209,210,211,211,213,214,214,215,216,216,217,218,218,219,220,220,221,222,223,222,222,223,224,224,225,226,226,226,226,226,225,224,224,224,223,223,222,222,222,222,222,222,222,222,223,223,224,224,224,225,225,225,226,226,226,227,227,228,228,228,229,230,230,230,230,230,230,229,228,228,227,226,226,224,224,223,222,223,223,222,221,221,220,219,219,217,216,216,215,214,211,210,208,207,207,206,205,205,205,204,203,203,202,201,201,201,200,200,199,199,199,198,198,198,198,198,198,198,197,197,197,197
212,212,213,212,211,212,212,211,211,211,211,212,211,211,210,210,210,210,210,210,210,210,210,210,210,210,210,209,209,209,209,209,209,209,209,209,209,209,209,209,209,209,208,208,209,209,209,209,208,207,208,208,207,207,207,207,207,207,207,207,207,206,206,206,206,206,206,206,207,207,207,208,208,208,209,209,209,209,210,210,210,210,211,211,211,211,212,212,212,212,213,213,213,213,213,213,213,213,214,214,214,214,214,214,213,213,212,212,212,212,212,212,211,210,210,210,210,210,210,210,210,210,210,210,210,210,210,210,210,208,208,208,208,208,208,208,208,208,208,208,208,207,207,208,208,208,208,207,207,207,207,207,207,206,206,206,206,206,206,206,206,207,207,207,207,207,207,207,207,207,207,207,207,208,208,208,208,208,208,208,208,208,208,208,208,208,208,208,208,207,207,207,207,206,206,206,206,206,206,206,206,206,206,206,206,206,207,207,207,207,208,208,209,210,211,211,212,213,214,214,215,216,216,217,218,219,219,220,220,221,222,222,223,222,222,223,224,224,225,226,226,226,226,226,225,224,224,224,223,223,222,222,222,222,222,222,222,222,223,223,224,224,224,225,225,225,226,226,226,227,227,228,228,228,229,229,229,230,230,230,230,229,228,228,226,226,225,224,224,223,222,223,223,222,221,221,220,219,218,217,216,216,215,212,211,210,208,207,207,206,205,205,205,204,203,203,203,202,202,202,201,201,199,200,200,199,199,199,199,199,199,199,198,198,198,198
214,214,213,213,211,211,211,211,211,211,211,211,211,211,211,210,210,210,210,210,210,210,210,209,209,209,209,209,209,209,209,209,209,209,210,210,210,210,209,209,209,209,208,208,208,208,208,208,208,207,207,207,208,208,208,208,207,207,207,207,207,207,207,207,208,208,208,208,208,208,208,209,209,209,210,210,210,210,211,211,211,211,212,212,212,212,212,212,213,214,213,213,213,213,214,214,214,214,214,214,214,214,214,214,214,214,213,213,213,213,211,211,211,211,211,211,211,211,211,211,211,210,210,210,210,209,209,209,209,209,209,209,209,209,209,209,208,208,208,208,208,208,208,207,207,207,207,207,207,207,207,207,207,207,207,207,207,207,207,207,207,207,207,207,207,207,207,207,207,208,208,208,208,208,208,208,208,207,207,207,207,208,208,208,208,208,208,208,208,208,208,208,208,206,206,206,206,206,206,206,207,207,207,207,207,207,208,208,208,208,209,209,210,211,212,212,213,214,215,215,216,217,217,217,217,218,218,220,221,221,221,222,222,223,223,224,225,225,225,225,226,226,225,225,225,225,224,224,223,223,222,222,222,222,222,223,223,223,224,224,224,224,224,224,224,225,226,226,226,227,227,228,228,228,229,229,229,229,229,228,228,228,228,227,226,226,225,225,223,222,222,223,223,222,221,221,220,219,218,217,216,216,214,213,212,211,209,208,208,207,206,206,206,205,204,203,203,203,202,202,201,201,201,200,200,200,200,199,199,199,199,199,199,199,199,199
214,214,213,213,211,211,211,211,211,211,211,211,211,211,211,210,210,210,210,210,210,210,210,209,209,209,209,209,209,209,209,209,209,209,210,210,210,210,209,209,209,209,208,208,208,208,208,208,207,207,207,207,207,208,208,208,207,207,207,207,207,207,207,207,208,208,208,208,208,208,208,209,209,209,210,210,210,210,211,211,211,211,212,212,212,212,212,213,214,214,213,213,213,213,214,214,214,214,214,214,214,214,214,214,214,214,213,213,213,213,211,211,211,211,211,211,211,211,211,211,211,210,210,210,210,209,209,209,209,209,209,209,209,209,209,209,208,208,208,208,208,208,208,207,207,207,207,207,207,207,207,207,207,207,207,207,207,207,207,207,207,207,207,207,207,207,207,207,207,208,208,208,208,208,208,208,208,207,207,207,207,208,208,208,208,208,208,208,208,208,208,208,208,206,206,206,206,206,206,206,207,207,207,207,207,207,208,208,208,208,209,210,211,211,212,213,214,214,215,216,217,217,217,217,217,218,219,220,221,221,221,222,222,223,223,224,225,225,225,225,226,226,225,225,225,225,224,224,223,223,222,222,222,222,222,223,223,223,224,224,224,224,224,224,224,225,226,226,226,227,227,227,228,228,229,229,229,229,229,228,228,228,228,227,226,226,225,225,223,222,222,223,223,222,221,221,219,219,218,217,216,215,214,213,212,211,209,208,208,207,207,206,206,205,204,203,203,203,202,202,201,201,201,200,200,200,199,199,199,199,199,199,199,199,199,199
214,214,213,213,212,212,212,212,212,212,212,212,212,212,212,211,211,211,211,211,211,211,211,210,210,210,210,210,210,210,210,210,210,210,210,210,210,210,210,210,210,210,209,209,209,209,209,209,208,208,208,208,208,208,208,208,208,208,208,208,208,208,208,208,209,209,209,209,209,209,209,210,210,210,211,211,211,211,212,212,212,212,213,213,213,213,213,214,214,215,214,214,214,214,215,215,215,215,215,215,215,215,215,214,214,214,213,213,213,213,212,212,212,212,212,212,212,212,211,211,211,211,211,211,211,210,210,210,210,210,210,210,210,210,210,210,209,209,209,209,209,209,209,208,208,208,208,208,208,208,208,208,208,208,208,208,208,208,208,208,208,208,208,208,208,208,208,208,208,209,209,209,209,208,208,208,208,208,208,208,208,208,208,208,208,208,208,208,208,208,208,208,208,207,207,207,207,207,207,207,207,207,207,207,208,208,208,209,209,209,210,211,211,212,213,214,214,215,216,217,217,218,218,218,218,219,220,220,221,221,221,223,223,223,223,224,225,225,225,225,226,226,225,225,225,225,224,224,223,223,222,222,222,222,222,223,223,223,224,224,224,224,224,224,224,225,226,226,226,227,227,227,228,228,229,229,229,229,229,228,228,228,228,227,226,226,225,225,223,222,222,223,223,222,221,220,219,219,218,217,216,215,214,213,212,211,209,209,209,208,207,206,206,205,204,204,204,204,203,203,202,202,202,201,201,200,200,200,200,200,200,200,200,200,200,200
214,214,213,213,213,213,213,213,213,213,213,213,213,213,213,212,212,212,212,212,212,212,212,211,211,211,211,211,211,211,211,211,211,211,210,210,210,210,211,211,211,211,210,210,210,210,210,210,209,209,209,209,209,208,208,209,209,209,209,209,209,209,209,209,210,210,210,210,210,210,210,211,211,211,212,212,212,212,213,213,213,213,214,214,214,214,214,214,215,216,215,215,215,215,216,216,216,216,216,216,216,216,216,214,214,214,213,213,213,213,213,213,213,213,213,213,213,213,211,211,211,212,212,212,212,211,211,211,211,211,211,211,211,211,211,211,210,210,210,210,210,210,210,209,209,209,209,209,209,209,209,209,209,209,209,209,209,209,209,209,209,209,209,209,209,209,209,209,209,210,210,210,210,208,208,208,208,209,209,209,209,208,208,208,208,208,208,208,208,208,208,208,208,208,208,208,208,208,208,208,207,207,207,207,209,209,209,210,210,210,211,211,212,213,214,214,215,216,217,217,218,219,219,219,219,220,220,221,222,221,221,224,224,224,224,224,225,225,225,225,226,226,225,225,225,225,224,224,223,223,222,222,222,222,222,223,223,223,223,224,224,224,224,224,224,225,226,226,226,226,227,227,228,228,229,229,229,229,229,228,228,228,228,227,226,226,225,225,223,222,222,223,223,222,221,220,219,219,218,216,216,215,214,213,212,211,209,210,209,209,208,206,206,205,204,205,205,205,204,204,203,203,202,202,202,200,200,201,201,201,201,201,201,201,201,201
214,214,214,214,213,213,213,213,213,213,213,212,212,212,212,212,212,212,212,212,212,212,212,212,212,212,211,211,211,211,211,211,211,211,211,211,211,211,211,211,211,211,210,210,210,210,210,210,210,210,210,209,209,209,209,209,209,209,210,210,210,210,210,210,211,211,211,211,211,211,211,212,212,212,213,213,213,213,214,214,214,214,214,214,215,216,215,215,215,215,217,217,217,217,217,217,217,215,215,215,215,216,216,214,214,214,214,214,213,212,213,213,213,213,213,213,213,213,213,213,213,211,211,211,211,211,211,211,211,211,211,211,210,210,210,210,210,210,210,209,209,209,209,209,209,209,209,209,209,209,209,209,209,209,209,209,209,209,209,209,209,209,209,209,209,210,210,210,210,210,210,210,210,209,209,209,209,209,209,209,209,209,209,209,209,209,209,209,209,209,209,209,209,208,208,208,208,208,208,208,209,209,209,209,210,210,210,210,210,212,212,212,213,214,215,215,216,217,217,217,217,217,218,218,220,220,220,221,222,221,221,223,223,224,224,224,226,226,226,226,226,226,225,225,225,225,223,224,224,223,223,223,223,223,223,223,223,223,223,224,224,225,226,226,226,226,226,227,227,227,227,227,228,228,228,229,229,229,229,228,228,227,227,227,226,226,225,225,225,224,223,222,222,222,222,221,220,219,219,217,217,216,215,213,213,212,211,210,210,209,208,207,207,206,205,205,205,205,204,204,203,203,202,202,201,201,201,201,202,202,202,201,201,201,201,201
214,214,214,214,213,213,213,213,213,213,213,212,212,212,212,212,212,212,212,212,212,212,212,212,212,212,211,211,211,211,211,211,211,211,211,211,211,211,211,211,211,211,210,210,210,210,210,210,210,210,210,209,209,209,209,209,209,209,210,210,210,210,210,210,211,211,211,211,211,211,211,212,212,212,213,213,213,213,214,214,214,214,214,215,216,216,215,215,215,215,217,217,217,217,217,217,217,215,215,215,215,216,216,214,214,214,214,214,213,213,213,213,213,213,213,213,213,213,213,213,213,211,211,211,211,211,211,211,211,211,211,211,210,210,210,210,210,210,210,209,209,209,209,209,209,209,209,209,209,209,209,209,209,209,209,209,209,209,209,209,209,209,209,209,209,210,210,210,210,210,210,210,210,209,209,209,209,209,209,209,209,209,209,209,209,209,209,209,209,209,209,209,209,208,208,208,208,208,208,208,209,209,209,209,210,210,210,210,211,212,212,213,214,214,215,216,217,217,217,217,217,217,218,219,220,220,220,221,222,221,221,223,223,224,224,224,225,226,226,226,226,226,225,225,225,225,223,224,224,223,223,223,223,223,223,223,223,223,223,224,224,225,226,226,226,226,226,227,227,227,227,227,228,228,228,229,229,229,229,228,228,227,227,227,226,226,224,225,225,224,223,222,222,222,222,221,220,219,219,217,217,216,215,213,213,212,212,210,210,209,209,207,207,206,206,205,205,205,204,204,203,203,202,202,201,201,201,201,201,202,202,201,201,201,201,201
215,215,215,215,214,214,214,214,214,214,214,213,213,213,213,213,213,213,213,213,213,213,213,213,213,213,212,212,212,212,212,212,212,212,212,212,212,212,212,212,212,212,211,211,211,211,211,211,211,211,211,210,210,210,210,210,210,210,211,211,211,211,211,211,212,212,212,212,212,212,212,213,213,213,214,214,214,214,215,215,215,215,215,216,216,217,216,216,216,216,217,217,217,217,217,217,217,216,216,216,216,216,215,215,215,215,215,215,214,213,214,214,214,214,213,213,213,213,213,213,213,212,212,212,212,212,212,212,212,212,212,212,211,211,211,211,211,211,211,210,210,210,210,210,210,210,210,210,210,210,210,210,210,210,210,210,210,210,210,210,210,210,210,210,210,211,211,211,211,211,211,211,211,210,210,210,210,210,210,210,210,210,210,210,210,210,210,210,210,210,210,210,210,209,209,209,209,209,209,209,210,210,210,210,211,211,211,211,212,212,213,214,214,215,216,217,217,218,218,218,218,218,219,220,220,220,220,221,222,222,222,223,223,224,224,224,225,226,226,226,226,226,225,225,225,225,223,224,224,223,223,223,223,223,223,223,223,223,223,224,224,224,226,226,226,226,226,227,227,227,227,227,228,228,228,229,229,229,229,228,228,227,227,227,226,225,224,225,225,224,223,222,222,222,222,221,220,219,219,217,217,216,215,214,214,213,212,211,211,210,209,208,208,207,206,206,206,206,205,205,204,204,203,202,202,202,202,202,202,203,203,202,202,202,202,202
216,216,216,216,215,215,215,215,215,215,215,214,214,214,214,214,214,214,214,214,214,214,214,214,214,214,213,213,213,213,213,213,213,213,213,213,213,213,213,213,213,213,212,212,212,212,212,212,212,212,212,211,211,211,211,211,211,211,211,212,212,212,212,212,213,213,213,213,213,213,213,214,214,214,215,215,215,215,216,216,216,216,216,216,217,218,217,217,217,217,217,217,217,217,217,217,217,217,217,217,216,216,216,216,216,216,216,215,215,214,215,215,215,215,213,213,213,213,213,213,213,213,213,213,213,213,213,213,213,213,213,213,212,212,212,212,212,212,212,211,211,211,211,211,211,211,211,211,211,211,211,211,211,211,211,211,211,211,211,211,211,211,211,211,211,212,212,212,212,212,212,212,212,211,211,211,211,211,211,211,211,211,211,211,211,211,211,211,211,211,211,211,211,210,210,210,210,210,210,210,211,211,211,211,212,212,212,212,212,213,214,214,215,216,217,217,218,219,219,219,219,219,220,220,221,220,220,221,222,223,223,223,223,224,224,224,225,226,226,226,226,226,225,225,225,225,223,224,224,223,223,223,223,223,223,223,223,223,223,224,224,224,225,226,226,226,226,227,227,227,227,227,227,228,229,229,229,229,229,228,228,227,227,227,226,225,224,225,225,224,222,222,222,222,222,221,219,219,219,217,217,216,215,215,214,214,213,212,211,211,210,209,208,208,207,207,207,207,206,206,205,205,204,203,203,203,203,203,203,204,203,203,203,203,203,203
217,217,216,216,215,215,215,215,215,215,215,215,215,215,215,214,214,214,214,214,214,214,214,214,214,214,214,214,214,214,214,214,214,214,214,214,214,214,213,213,213,213,212,212,213,213,213,213,213,212,212,212,212,212,212,212,212,212,212,212,212,213,213,213,214,214,214,214,214,214,214,215,215,215,215,215,216,217,217,217,217,217,217,217,217,217,218,218,218,218,218,218,218,218,218,218,218,217,217,217,217,217,215,215,215,215,216,216,216,216,215,215,215,215,214,214,214,214,214,214,214,214,214,214,214,213,213,213,213,213,213,213,212,212,212,212,212,212,212,212,212,212,212,212,212,211,211,211,211,212,212,212,212,211,211,211,211,211,211,211,211,212,212,212,212,212,212,212,212,212,212,212,212,211,211,211,211,211,211,211,211,211,211,211,211,211,211,211,211,210,210,210,210,210,210,210,211,211,211,211,211,211,211,211,212,212,212,212,213,213,215,215,215,217,217,217,218,219,219,219,219,219,220,220,221,222,223,223,223,222,222,224,224,224,224,226,226,226,226,226,226,226,226,225,225,225,224,224,224,223,223,223,223,224,224,224,224,224,224,224,224,226,226,226,226,226,226,227,227,227,227,228,229,228,228,230,231,231,230,229,228,228,227,227,227,226,225,224,224,224,224,224,223,222,221,221,221,220,219,218,218,217,216,214,214,213,212,211,211,210,209,209,209,208,207,207,207,207,206,206,205,205,204,204,204,204,204,204,204,204,204,204,204,204,204,204
217,217,216,216,215,215,215,215,215,215,215,215,215,215,215,214,214,214,214,214,214,214,214,214,214,214,214,214,214,214,214,214,214,214,214,214,214,214,213,213,213,213,212,212,213,213,213,213,213,212,212,212,212,212,212,212,212,212,212,212,212,213,213,213,214,214,214,214,214,214,214,215,215,215,215,216,217,217,217,217,217,217,217,217,217,217,218,218,218,218,218,218,218,218,218,218,218,217,217,217,217,217,215,215,215,215,216,216,216,216,215,215,215,215,214,214,214,214,214,214,214,214,214,214,214,213,213,213,213,213,213,213,212,212,212,212,212,212,212,212,212,212,212,212,212,211,211,211,211,212,212,212,212,211,211,211,211,211,211,211,211,212,212,212,212,212,212,212,212,212,212,212,212,211,211,211,211,211,211,211,211,211,211,211,211,211,211,211,211,210,210,210,210,210,210,210,211,211,211,211,211,211,211,211,212,212,212,212,213,214,215,215,216,217,217,218,219,219,219,219,219,219,220,221,222,222,223,223,223,222,223,224,224,224,224,226,226,226,226,226,226,226,226,225,225,225,224,224,223,223,223,223,223,224,224,224,224,224,224,224,224,226,226,226,226,226,226,227,227,227,227,228,228,228,228,230,231,231,230,229,228,228,227,227,227,226,225,224,224,224,224,224,223,222,221,221,221,220,219,218,218,217,216,214,214,213,213,211,211,210,210,209,209,208,208,207,207,207,206,206,205,205,204,204,204,204,204,204,204,204,204,204,204,204,204,204
217,217,217,217,216,216,216,216,216,216,216,216,216,216,216,215,215,215,215,215,215,215,215,215,215,215,215,215,215,215,215,215,215,215,215,215,215,215,214,214,214,214,213,213,213,213,213,213,213,213,213,213,213,213,213,213,213,213,213,213,213,214,214,214,215,215,215,215,215,215,215,216,216,216,216,217,217,218,218,218,218,218,218,218,218,218,219,219,219,219,218,218,218,218,218,218,218,217,217,217,217,217,216,216,216,216,216,216,216,216,215,215,215,215,215,215,215,215,215,215,215,215,215,215,215,214,214,214,214,214,214,214,213,213,213,213,213,213,213,213,213,213,213,213,213,212,212,212,212,213,213,213,213,212,212,212,212,212,212,212,212,213,213,213,213,213,213,213,213,213,213,213,213,212,212,212,212,212,212,212,212,212,212,212,212,212,212,212,212,211,211,211,211,211,211,211,211,212,212,212,212,212,212,212,213,213,213,213,214,215,215,216,217,217,218,219,219,220,220,220,220,220,221,222,222,223,223,223,223,223,224,224,225,225,225,226,226,226,226,226,226,226,226,225,225,225,224,224,223,223,223,223,223,224,224,224,224,224,224,224,224,226,226,226,226,226,226,227,227,227,227,228,228,229,229,230,231,231,230,229,229,228,227,227,227,226,225,224,224,224,224,224,223,222,221,221,221,220,219,218,218,217,216,215,215,214,213,212,212,211,210,210,210,209,208,208,208,208,207,207,206,205,205,205,205,205,205,205,205,205,205,205,205,205,205,205
217,217,218,218,217,217,217,217,217,217,217,217,217,217,217,216,216,216,216,216,216,216,216,216,216,216,216,216,216,216,216,216,216,216,216,216,216,216,215,215,215,215,214,214,213,213,213,213,213,214,214,214,214,214,214,214,214,214,214,214,214,214,215,215,216,216,216,216,216,216,216,217,217,217,217,217,218,219,219,219,219,219,219,219,219,219,220,220,220,220,218,218,218,218,218,218,217,217,217,217,217,217,217,217,217,217,216,216,216,216,215,215,215,215,216,216,216,216,216,216,216,216,216,216,216,215,215,215,215,215,215,215,214,214,214,214,214,214,214,214,214,214,214,214,214,213,213,213,213,214,214,214,214,213,213,213,213,213,213,213,213,214,214,214,214,214,214,214,214,214,214,214,214,213,213,213,213,213,213,213,213,213,213,213,213,213,213,213,213,212,212,212,212,212,212,212,212,213,213,213,213,213,213,213,214,214,214,214,215,215,216,217,217,218,219,219,220,221,221,221,221,221,222,222,223,224,223,223,223,224,224,225,226,226,226,226,226,226,226,226,226,226,226,225,225,225,224,224,223,223,223,223,223,224,224,224,224,224,224,224,224,226,226,226,226,226,226,227,227,227,227,228,228,229,230,230,231,231,230,229,229,228,228,227,227,226,225,224,224,224,224,224,223,222,221,221,221,220,219,218,218,217,216,216,215,215,214,213,212,212,211,211,210,210,209,209,209,209,208,208,206,206,206,206,206,206,206,206,206,206,206,206,206,206,206,206
218,218,219,219,217,217,217,217,217,217,217,217,217,217,217,217,217,217,216,216,216,216,216,216,216,216,217,217,217,217,215,215,215,215,215,215,215,215,215,215,215,215,214,214,214,214,214,214,214,214,214,214,214,214,214,214,214,214,214,215,215,215,215,215,216,216,216,217,217,217,217,218,218,218,218,218,218,218,219,219,219,219,219,219,219,219,219,219,219,219,219,219,219,219,219,219,218,218,218,218,218,218,217,217,217,217,217,217,217,217,216,216,216,216,216,216,216,216,215,215,215,215,215,215,215,215,215,215,214,214,214,214,214,214,215,215,215,215,214,214,214,214,214,214,214,213,213,213,213,214,214,214,214,214,214,214,214,214,214,214,214,214,214,214,214,214,214,214,214,214,214,214,214,214,214,214,214,213,213,213,213,213,213,213,213,213,213,213,213,213,213,213,213,213,213,213,213,213,213,213,214,214,214,214,214,214,215,216,217,217,217,217,217,217,219,219,219,221,222,222,222,222,223,223,223,223,222,222,223,225,225,225,225,226,226,226,227,227,227,227,227,226,226,226,226,225,224,224,224,224,224,224,224,224,224,224,224,224,224,224,225,225,226,226,226,227,227,227,228,228,228,229,229,229,229,230,230,230,230,229,229,228,228,227,227,226,225,224,224,224,224,224,223,223,223,222,222,221,220,220,220,219,218,216,216,215,214,213,213,212,211,211,211,210,210,210,209,208,208,207,207,207,206,206,206,206,206,207,207,207,207,207,207,207,207,207
218,218,219,219,217,217,217,217,217,217,217,217,217,217,217,217,217,217,216,216,216,216,216,216,216,216,217,217,217,217,215,215,215,215,215,215,215,215,215,215,215,214,214,214,214,214,214,214,214,214,214,214,214,214,214,214,214,214,214,215,215,215,215,215,216,216,216,217,217,217,217,218,218,218,218,218,218,218,219,219,219,219,219,219,219,219,219,219,219,219,219,219,219,219,219,218,218,218,218,218,218,218,217,217,217,217,217,217,217,217,216,216,216,216,216,216,216,216,215,215,215,215,215,215,215,215,215,215,214,214,214,214,214,214,215,215,215,215,214,214,214,214,214,214,214,213,213,213,213,214,214,214,214,214,214,214,214,214,214,214,214,214,214,214,214,214,214,214,214,214,214,214,214,214,214,214,214,213,213,213,213,213,213,213,213,213,213,213,213,213,213,213,213,213,213,213,213,213,213,213,214,214,214,214,214,215,216,216,217,217,217,217,217,218,219,219,220,221,222,222,222,222,223,223,223,223,222,223,224,224,225,225,225,226,226,226,227,227,227,227,227,226,226,226,226,225,224,224,224,224,224,224,224,224,224,224,224,224,224,224,225,225,226,226,226,227,227,227,228,228,228,229,229,229,229,230,230,230,229,229,229,228,228,227,227,226,225,224,224,224,224,224,223,223,223,222,222,221,220,220,220,219,218,216,216,215,215,213,213,212,212,211,211,210,210,210,209,208,208,207,207,207,206,206,206,206,206,206,207,207,207,207,207,207,207,207
219,219,219,218,218,218,218,218,218,218,218,218,218,218,218,218,218,218,217,217,217,217,217,217,217,217,217,217,217,217,216,216,216,216,216,216,216,216,216,215,215,215,215,215,215,215,215,215,215,215,215,215,215,215,215,215,215,215,215,216,216,216,216,216,217,217,217,218,218,218,218,219,219,219,219,219,219,219,220,220,220,220,220,220,220,220,220,220,220,219,219,219,219,219,218,218,218,218,218,218,218,218,217,217,217,217,217,217,217,217,217,217,217,217,217,217,217,217,216,216,216,216,216,216,216,216,216,216,215,215,215,215,215,215,215,215,215,215,215,215,215,215,215,215,215,214,214,214,214,215,215,215,215,215,215,215,215,215,215,215,215,215,215,215,215,215,215,215,215,215,215,215,215,215,215,215,215,214,214,214,214,214,214,214,214,214,214,214,214,214,214,214,214,214,214,214,214,214,214,214,214,215,215,215,215,216,216,217,218,218,218,218,218,219,219,220,221,221,222,222,222,222,223,223,223,223,223,224,224,225,225,225,225,226,226,226,227,227,227,227,227,226,226,226,226,225,224,224,224,224,224,224,224,224,224,224,224,225,225,225,226,226,226,226,226,227,227,227,228,228,228,229,229,229,229,229,230,230,229,229,229,228,228,228,227,226,225,224,224,224,224,224,223,223,223,222,222,221,220,220,220,219,218,217,217,216,215,214,214,213,212,212,212,211,211,211,209,209,208,208,208,207,207,207,207,207,207,207,207,208,208,208,208,208,208,208
220,220,219,219,219,219,219,219,219,219,219,219,219,219,219,219,219,219,218,218,218,218,218,218,218,218,217,217,217,217,217,217,217,217,217,217,217,217,217,215,215,216,216,216,216,216,216,216,216,216,216,216,216,216,216,216,216,216,216,217,217,217,217,217,217,218,218,219,219,219,219,220,220,220,220,220,220,220,221,221,221,221,221,221,221,221,221,221,221,219,219,219,219,219,218,218,218,218,218,218,218,218,217,217,217,217,217,217,217,217,218,218,218,218,218,218,218,218,217,217,217,217,217,217,217,217,217,217,216,216,216,216,216,216,215,215,215,215,216,216,216,216,216,216,216,215,215,215,215,216,216,216,216,216,216,216,216,216,216,216,216,216,216,216,216,216,216,216,216,216,216,216,216,216,216,216,216,215,215,215,215,215,215,215,215,215,215,215,215,215,215,215,215,215,215,215,215,215,215,215,215,216,216,216,216,216,217,218,219,219,219,219,219,219,220,221,221,222,223,222,222,222,223,223,223,223,224,224,225,226,225,225,225,226,226,226,227,227,227,227,227,226,226,226,226,225,224,224,224,224,224,224,224,224,224,224,224,226,226,226,227,227,227,227,226,227,227,227,227,228,228,229,229,229,229,229,230,230,229,228,228,228,228,228,227,226,225,224,224,224,224,224,223,223,223,222,222,221,220,220,220,219,218,218,217,217,216,215,214,214,213,213,212,212,211,211,210,210,209,209,208,208,208,208,208,208,208,208,208,209,209,209,209,209,209,209
220,220,220,220,220,220,220,220,220,220,220,219,219,219,219,219,219,219,219,219,219,219,219,219,219,219,217,217,217,217,218,218,218,218,218,218,216,216,216,217,217,217,217,216,216,216,216,216,216,216,216,216,217,217,217,217,217,217,217,217,218,218,218,218,218,218,219,220,220,220,220,220,220,220,221,221,221,221,221,221,221,221,221,221,221,221,221,221,221,220,220,220,219,219,219,219,219,219,219,219,219,219,218,218,218,218,218,218,218,218,217,217,217,217,218,218,218,218,217,217,217,217,217,217,217,216,216,216,216,216,216,216,216,216,216,216,216,216,216,217,217,216,216,216,216,217,217,217,217,217,217,217,217,217,217,217,217,217,217,217,217,217,217,217,217,216,216,216,216,216,216,216,216,217,217,217,217,216,216,216,216,215,215,215,215,215,215,215,215,216,216,216,216,215,215,215,215,216,216,216,216,216,216,218,218,218,218,218,220,220,220,220,221,221,221,221,222,222,222,222,222,224,224,224,224,224,226,226,226,226,226,226,226,226,226,226,227,227,227,227,227,227,227,227,226,226,226,225,225,225,224,224,224,224,225,225,225,226,226,226,225,225,225,225,227,226,226,227,228,228,228,229,229,230,230,230,230,230,230,230,229,229,229,229,227,227,227,227,227,226,225,224,224,222,222,222,222,221,220,220,220,219,218,218,218,217,216,215,215,214,213,213,213,212,211,211,210,210,210,210,210,209,209,209,209,210,210,210,210,210,210,210,210,210,210,210
220,220,220,220,220,220,220,220,220,220,220,219,219,219,219,219,219,219,219,219,219,219,219,219,219,219,218,218,218,218,218,218,218,218,218,218,217,217,217,217,217,217,217,216,216,216,216,216,216,216,216,216,217,217,217,217,217,217,217,217,217,218,218,218,218,218,219,219,220,220,220,220,220,220,221,221,221,221,221,221,221,221,221,221,221,221,221,221,221,220,220,219,219,219,219,219,219,219,219,219,219,219,218,218,218,218,218,218,218,218,218,218,218,218,218,218,218,218,218,218,218,218,218,218,218,217,217,217,217,217,217,217,217,217,217,217,217,217,217,217,217,217,217,217,217,218,218,218,218,218,218,218,218,218,218,218,218,218,218,218,218,218,218,218,218,217,217,217,217,217,217,217,217,218,218,218,218,217,217,217,217,216,216,216,216,215,215,215,215,216,216,216,216,216,216,216,216,217,217,217,217,217,217,218,219,219,219,219,220,220,220,220,221,221,221,221,222,222,222,222,223,224,224,224,224,224,226,226,226,226,226,226,226,226,226,226,227,227,227,227,227,227,227,227,226,226,226,225,225,225,224,224,224,224,225,225,225,225,226,226,225,225,225,225,227,226,227,228,228,228,228,229,229,230,230,230,230,230,230,229,229,229,229,229,227,227,227,227,227,226,225,224,224,222,222,222,222,221,221,220,220,219,219,218,218,217,217,215,215,214,214,213,213,212,211,210,210,210,210,210,210,209,209,209,209,209,210,210,210,210,210,210,210,210,210,210
220,221,221,221,221,221,221,221,221,221,220,220,220,220,220,220,220,220,220,220,220,220,220,220,220,220,219,219,219,219,219,219,219,219,219,219,218,218,218,218,218,218,218,217,217,217,217,217,217,217,217,217,218,218,218,218,218,218,218,218,218,218,219,219,219,219,220,220,220,220,220,220,220,220,221,221,221,221,221,221,221,221,221,221,221,221,221,221,221,220,220,220,220,220,220,220,220,220,220,220,220,220,219,219,219,219,219,219,219,219,219,219,219,219,219,219,219,219,219,219,219,219,219,219,219,218,218,218,218,218,218,218,218,218,218,218,218,218,218,218,218,218,218,218,218,219,219,219,219,219,219,219,219,219,219,219,219,219,219,219,219,219,219,219,219,218,218,218,218,218,218,218,218,219,219,219,219,218,218,218,218,217,217,217,217,216,216,216,216,217,217,217,217,217,217,217,217,218,218,218,218,218,219,220,220,220,220,220,221,221,221,221,222,222,222,222,223,223,223,223,224,224,225,225,225,225,226,226,226,226,227,227,227,227,227,227,228,228,228,228,227,227,227,227,226,226,226,225,225,225,225,225,225,225,225,225,225,225,226,226,226,226,226,226,227,227,228,228,229,229,229,229,229,230,230,230,230,230,230,229,229,229,229,229,227,227,227,227,227,226,225,224,224,223,223,223,223,222,221,221,221,220,219,219,219,218,217,216,216,215,214,214,213,212,212,211,211,211,211,211,211,210,210,210,210,210,211,211,211,211,211,211,211,211,211,211
220,222,222,222,222,222,222,222,222,222,221,221,221,221,221,221,221,221,221,221,221,221,221,221,221,221,221,221,221,221,220,220,220,220,220,220,220,220,220,220,219,219,219,218,218,218,218,218,218,218,218,218,218,219,219,219,219,219,219,219,219,220,220,220,220,220,221,221,220,220,220,220,220,220,221,221,221,221,221,221,221,221,221,221,221,221,221,221,220,220,221,221,221,221,221,221,221,221,221,221,221,221,220,220,220,220,220,220,220,220,221,221,221,221,220,220,220,220,221,221,221,221,221,221,221,220,220,220,220,220,220,220,220,220,220,220,220,220,219,219,219,220,220,220,220,221,221,221,221,221,221,221,221,221,221,221,221,221,221,221,221,221,221,221,221,220,220,220,220,220,220,220,220,221,221,221,221,220,220,220,220,219,219,219,219,217,217,217,217,218,218,218,218,219,219,219,219,220,220,220,220,220,220,221,222,222,222,222,222,222,222,222,223,223,223,223,224,224,224,224,224,225,226,226,226,226,226,226,226,226,228,228,228,228,228,228,229,229,229,229,227,227,227,227,226,226,226,225,225,225,225,226,226,226,225,225,225,225,226,226,227,227,227,227,227,227,228,229,230,230,230,229,229,230,230,230,230,230,230,229,229,229,229,229,227,227,227,227,227,226,225,224,224,224,224,224,223,223,222,222,221,221,220,220,219,219,218,217,216,216,215,214,213,213,213,212,212,212,212,212,212,211,211,211,211,211,212,212,212,212,212,212,212,212,212,212
220,221,222,223,223,223,223,223,223,223,223,223,223,223,222,222,222,222,222,222,222,222,222,222,222,222,222,222,222,222,222,222,221,221,221,221,221,221,221,221,220,220,220,221,221,221,221,220,220,220,220,220,220,220,220,220,220,220,220,220,220,220,221,221,221,221,221,221,221,221,222,222,222,222,222,222,222,222,222,222,222,222,222,222,222,222,222,222,221,221,221,221,221,221,221,221,221,221,221,221,221,221,221,221,221,221,221,221,221,221,221,221,221,221,222,222,222,222,222,222,222,222,221,221,221,221,221,221,221,221,221,221,221,221,221,221,221,221,221,221,221,221,221,221,221,221,221,221,221,222,222,222,222,223,223,223,223,223,223,223,223,223,223,223,223,221,221,221,221,222,222,222,222,223,223,223,223,222,222,222,222,221,221,220,219,219,219,219,219,219,219,219,219,220,220,220,220,220,220,220,220,221,221,221,221,222,222,222,222,222,222,222,224,224,224,224,224,224,224,224,225,225,225,226,226,226,226,226,226,226,228,228,228,229,229,229,229,229,229,229,229,229,229,229,227,227,227,226,226,226,226,226,226,226,226,226,226,226,227,227,225,225,226,227,227,227,229,229,229,230,230,229,229,230,230,231,231,230,230,228,228,228,228,229,229,229,228,227,227,227,227,225,225,225,224,223,223,223,223,221,221,221,221,220,220,219,218,218,218,217,216,215,213,214,214,212,213,213,212,212,212,212,212,212,212,212,212,212,213,213,213,213,212,212,213,213
220,221,222,223,223,223,223,223,223,223,223,223,223,223,223,223,223,223,223,223,223,223,223,223,223,223,223,223,223,223,223,223,222,222,222,222,222,222,222,222,221,221,221,221,221,221,221,221,221,221,221,221,221,221,221,221,221,221,221,221,221,221,221,221,221,221,221,221,221,221,222,222,222,222,222,222,222,222,222,222,222,222,222,222,222,222,222,221,221,221,221,221,221,221,221,221,221,221,221,221,221,221,221,221,221,221,221,221,221,221,221,221,221,221,222,222,222,222,222,222,222,222,221,221,221,221,221,221,221,221,221,221,221,221,221,221,221,221,221,221,221,221,221,221,221,221,221,221,221,222,222,222,222,223,223,223,223,224,224,224,224,223,223,223,223,222,222,222,222,223,223,223,223,223,223,223,223,222,222,222,222,221,221,220,220,219,219,219,219,219,219,219,219,220,220,220,220,220,220,220,220,221,221,221,221,222,222,222,222,222,222,222,224,224,224,224,224,224,224,224,225,225,225,226,226,226,226,226,226,226,228,228,228,229,229,229,229,229,229,229,229,229,229,229,227,227,227,226,226,226,226,226,226,226,226,226,226,226,227,227,225,226,227,227,227,227,229,229,229,230,230,229,229,230,230,231,231,230,230,228,228,228,228,229,229,229,228,227,227,227,227,225,225,225,224,224,223,223,223,221,221,221,221,220,220,219,219,218,218,217,216,215,213,213,214,212,212,213,212,212,212,212,212,212,212,212,213,213,213,213,213,213,212,212,213,213
220,221,222,223,224,224,224,224,224,224,224,224,224,224,224,224,224,224,224,224,224,224,224,224,224,224,224,224,224,224,224,224,223,223,223,223,223,223,223,223,222,222,222,222,222,222,222,222,222,222,222,222,222,222,222,222,222,222,222,222,222,222,222,222,222,222,222,222,222,222,223,223,223,223,223,223,223,223,223,223,223,223,223,223,223,223,222,222,222,222,222,222,222,222,222,222,222,222,222,222,222,222,222,222,222,222,222,222,222,222,222,222,222,222,223,223,223,223,223,223,223,223,222,222,222,222,222,222,222,222,222,222,222,222,222,222,222,222,222,222,222,222,222,222,222,222,222,222,222,223,223,223,223,224,224,224,224,225,225,225,225,224,224,224,224,223,223,223,223,224,224,224,224,224,224,224,224,223,223,223,223,222,222,221,220,220,220,220,220,220,220,220,220,221,221,221,221,221,221,221,221,222,222,222,222,223,223,223,223,223,223,223,224,224,224,224,225,225,225,225,226,226,226,226,226,226,227,227,227,227,228,228,228,228,229,229,229,229,229,229,229,229,229,229,227,227,227,226,226,226,226,226,226,226,226,226,226,226,227,227,226,227,227,228,228,228,229,229,229,230,230,230,230,231,231,231,230,230,230,229,229,229,229,229,229,229,228,227,227,227,227,226,226,226,225,224,223,223,223,222,222,222,222,221,221,220,219,219,218,217,216,215,214,214,214,213,213,213,213,213,213,213,213,213,213,213,213,214,214,214,214,214,213,213,214,214
220,221,222,223,225,225,225,225,225,225,225,225,225,225,226,226,226,226,226,226,226,226,226,226,226,226,226,226,226,226,226,226,225,225,225,225,225,225,225,225,224,224,224,224,223,223,223,224,224,224,224,224,224,224,224,224,224,224,224,224,224,224,224,223,223,223,223,223,223,223,224,224,224,224,224,224,224,224,224,224,224,224,224,224,224,224,223,223,223,223,223,223,223,223,223,223,223,223,223,223,223,223,223,223,223,223,223,223,223,223,223,223,223,223,224,224,224,224,224,224,224,224,223,223,223,223,223,223,223,223,223,223,223,223,223,223,223,223,223,223,223,223,223,223,223,223,223,223,223,224,224,224,224,225,225,225,225,224,224,224,224,225,225,225,225,225,225,225,225,226,226,226,226,225,225,225,225,224,224,224,224,223,222,222,221,221,221,221,221,221,221,221,221,222,222,222,222,222,222,222,222,223,223,223,223,224,224,224,224,224,224,224,224,224,224,224,226,226,226,226,227,227,227,226,226,226,226,228,228,228,228,228,228,228,229,229,229,229,229,229,229,229,229,229,227,227,227,226,226,226,226,226,226,226,226,226,226,226,227,227,227,227,228,229,229,229,229,229,229,230,230,231,231,231,231,231,230,230,230,230,230,230,229,229,229,229,228,227,227,227,227,227,227,226,226,225,223,223,223,223,223,223,223,222,221,221,220,219,218,217,217,216,215,214,214,213,213,214,214,214,214,214,214,214,214,214,214,216,216,215,215,215,214,214,215,215
220,221,221,223,223,224,226,226,227,228,226,226,226,226,227,227,227,227,227,227,227,227,226,226,226,226,227,227,227,227,227,227,227,227,227,227,226,226,225,224,224,224,224,224,224,224,224,224,224,224,224,224,225,225,225,225,225,225,225,225,225,225,225,224,224,223,223,224,224,224,224,224,224,224,225,225,225,225,225,224,223,224,224,224,224,224,224,224,224,224,223,223,223,223,223,223,223,223,223,223,223,223,224,224,224,224,224,224,224,224,224,224,224,224,224,224,224,224,224,224,224,224,223,223,223,224,224,224,224,224,224,224,224,224,224,224,224,224,224,224,224,224,224,224,224,223,223,223,223,223,223,223,223,225,225,225,225,224,224,224,224,224,224,224,224,224,224,224,224,224,224,224,224,224,224,224,224,223,223,223,223,221,221,221,221,221,221,221,221,221,221,221,221,221,221,221,221,222,222,222,222,222,222,223,224,224,224,224,224,224,224,224,224,224,224,224,225,225,225,225,226,226,226,226,227,227,227,228,228,228,229,229,229,229,229,229,229,229,229,229,229,229,229,229,229,229,228,227,227,227,227,227,227,227,227,227,227,227,226,226,227,229,229,229,229,229,230,230,230,229,229,230,232,232,231,231,231,231,231,230,230,230,230,230,230,230,229,229,228,227,226,226,227,226,226,226,226,226,225,224,224,223,222,221,221,220,220,219,218,218,217,216,214,214,214,213,213,214,214,213,213,213,213,213,213,215,214,216,216,216,216,216,215,215,215,215
220,221,221,222,223,224,225,226,227,228,226,226,226,226,227,227,227,227,227,227,227,227,226,226,226,226,227,227,227,227,227,227,227,227,227,227,226,226,225,225,224,224,224,224,224,224,224,224,224,224,224,224,225,225,225,225,225,225,225,225,225,225,225,224,224,223,223,224,224,224,224,224,224,224,225,225,225,225,225,224,223,224,224,224,224,224,224,224,224,224,223,223,223,223,223,223,223,223,223,223,223,223,224,224,224,224,224,224,224,224,224,224,224,224,224,224,224,224,224,224,224,224,223,223,223,224,224,224,224,224,224,224,224,224,224,224,224,224,224,224,224,224,224,224,224,223,223,223,223,223,223,223,223,225,225,225,225,224,224,224,224,224,224,224,224,224,224,224,224,224,224,224,224,224,224,224,224,223,223,223,223,221,221,221,221,221,221,221,221,221,221,221,221,221,221,221,221,222,222,222,222,222,223,224,224,224,224,224,224,224,224,224,225,225,225,225,225,225,225,225,226,226,226,226,227,227,227,228,228,228,229,229,229,229,229,229,229,229,229,229,229,229,229,229,229,229,228,227,227,227,227,227,227,227,227,227,227,227,226,226,227,228,229,229,229,229,230,230,230,229,229,230,231,232,231,231,231,231,231,230,230,230,230,230,230,230,229,229,228,228,226,226,227,226,226,226,226,226,225,224,224,223,222,221,221,220,220,219,218,218,217,215,214,214,213,213,213,214,214,213,213,213,213,213,213,215,215,216,216,216,216,216,215,215,215,215
220,220,221,222,223,224,225,226,227,228,227,227,227,227,228,228,228,228,228,228,228,228,227,227,227,227,227,227,227,227,227,227,227,227,227,227,227,227,226,225,225,225,225,225,225,225,225,225,225,225,225,225,226,226,226,226,226,226,226,226,226,226,226,225,225,224,224,224,224,224,224,224,224,224,225,225,225,225,225,224,223,224,224,224,224,224,224,224,224,224,223,223,223,223,223,223,223,223,223,223,223,223,224,224,224,224,224,224,224,224,224,224,224,224,225,225,225,225,225,225,225,225,224,224,224,224,224,224,224,224,224,224,224,224,224,224,224,224,224,224,224,224,224,224,224,223,223,223,223,223,223,223,223,224,224,224,224,224,224,224,224,224,224,224,224,224,224,224,224,224,224,224,224,224,224,224,224,223,223,223,223,222,222,222,222,222,222,222,222,222,222,222,222,222,222,222,222,223,223,223,223,223,224,224,225,225,225,225,225,225,225,225,225,226,226,226,226,226,226,226,227,227,227,227,228,228,228,229,229,229,229,229,229,229,229,229,229,229,229,229,229,229,229,229,229,229,228,227,227,227,227,227,227,227,227,227,227,227,226,226,227,228,229,229,229,229,230,230,230,229,229,230,231,231,232,232,232,232,232,231,231,231,231,231,231,231,230,230,229,228,227,227,227,226,226,226,226,226,225,224,224,223,222,222,222,221,220,219,219,219,216,216,215,215,214,214,214,215,215,214,214,214,214,214,214,215,216,216,217,217,217,217,216,216,216,216
220,220,221,222,223,224,225,226,227,228,228,228,228,228,229,229,229,229,229,229,229,229,228,228,228,228,227,227,227,227,227,227,227,227,227,227,228,227,227,226,226,226,226,226,226,226,226,226,226,226,226,226,227,227,227,227,227,227,227,227,227,227,227,226,225,225,224,224,224,224,224,224,224,224,225,225,225,225,225,224,223,224,224,224,224,224,224,224,224,224,223,223,223,223,223,223,223,223,223,223,223,223,224,224,224,224,224,224,224,224,224,224,224,224,226,226,226,226,226,226,226,226,225,225,225,224,224,224,224,224,224,224,224,224,224,224,224,224,224,224,224,224,224,224,224,223,223,223,223,223,223,223,223,223,223,223,223,224,224,224,224,224,224,224,224,224,224,224,224,224,224,224,224,224,224,224,224,223,223,223,223,223,223,223,223,223,223,223,223,223,223,223,223,223,223,223,223,224,224,224,224,224,224,225,226,226,226,226,226,226,226,226,226,228,228,228,227,227,227,227,228,228,228,228,229,229,229,230,230,230,229,229,229,229,229,229,229,229,229,229,229,229,229,229,229,229,228,227,227,227,227,227,227,227,227,227,227,227,226,226,227,228,229,229,229,229,230,230,230,229,229,230,231,231,232,233,233,233,233,232,232,232,232,232,232,232,231,231,230,229,228,228,227,226,226,226,226,226,225,224,224,223,222,223,222,221,221,220,220,217,217,216,216,215,215,215,215,216,216,215,215,215,215,215,215,215,215,217,218,218,218,217,217,217,217,217
222,222,223,223,224,225,226,226,227,228,229,229,229,229,228,228,228,228,229,229,229,229,229,229,229,229,229,229,229,229,228,228,226,226,226,226,227,227,226,227,227,225,225,225,225,227,227,227,227,227,226,226,226,226,226,226,226,226,226,226,227,227,227,226,226,225,225,225,225,225,225,225,225,225,226,226,226,225,225,225,225,225,223,223,223,223,224,224,224,224,224,224,224,224,224,224,224,224,224,224,224,224,224,224,224,224,224,224,224,224,225,225,225,225,226,226,226,226,227,227,227,227,226,226,226,225,225,225,225,225,225,224,224,224,224,224,224,224,224,224,224,224,224,224,224,224,224,224,224,224,224,224,224,224,224,224,224,223,223,223,223,223,223,223,223,224,224,224,224,224,224,224,224,224,224,224,224,223,223,223,223,224,224,224,224,223,223,223,223,224,224,224,224,224,224,224,224,225,225,225,225,225,225,226,227,227,227,227,227,228,228,228,228,229,229,229,229,229,229,229,229,229,229,229,229,229,229,229,229,229,230,230,230,230,230,230,230,230,229,229,229,229,229,229,228,228,228,228,226,226,226,226,226,226,226,226,226,226,226,228,228,228,229,229,229,229,229,229,229,229,231,231,231,231,232,233,234,234,234,233,233,233,233,233,232,231,231,231,230,230,229,229,228,228,228,227,226,226,225,224,224,224,224,222,221,221,221,221,220,217,217,217,217,217,217,217,217,217,217,216,216,216,216,216,216,216,216,217,217,219,219,218,219,219,219,219
222,222,223,224,224,225,226,226,227,228,229,229,229,229,228,228,228,228,229,229,229,229,229,229,229,229,229,229,229,229,228,228,226,226,226,226,227,227,226,226,227,225,225,225,225,227,227,227,227,227,226,226,226,226,226,226,226,226,226,226,227,227,226,226,225,225,225,225,225,225,225,225,225,225,226,226,226,225,225,225,225,225,223,223,223,223,224,224,224,224,224,224,224,224,224,224,224,224,224,224,224,224,224,224,224,224,224,224,224,224,225,225,225,225,226,226,226,226,227,227,227,227,226,226,226,225,225,225,225,225,225,224,224,224,224,224,224,224,224,224,224,224,224,224,224,224,224,224,224,224,224,224,224,224,224,224,224,223,223,223,223,223,223,223,223,224,224,224,224,224,224,224,224,224,224,224,224,223,223,223,223,224,224,224,224,224,224,224,224,225,225,225,225,225,225,225,225,226,226,226,226,226,226,227,228,228,228,228,228,229,229,229,229,230,230,230,230,230,230,230,230,230,230,230,230,230,230,230,230,230,231,231,231,231,230,230,230,230,229,229,229,229,229,229,228,228,228,228,227,227,227,227,227,227,227,227,227,227,227,228,229,229,229,229,230,230,230,230,230,230,231,231,231,231,232,232,233,234,234,233,233,233,233,233,232,232,231,231,230,230,229,229,228,228,228,227,226,226,225,225,224,224,222,222,221,221,221,220,220,218,218,218,218,218,218,218,218,218,218,217,217,217,217,217,217,217,217,218,218,219,219,219,219,219,219,219
222,222,223,224,224,225,226,226,227,228,229,229,229,229,229,229,229,229,229,229,229,229,229,229,229,229,229,229,229,229,228,228,227,227,227,227,227,227,227,227,227,226,226,226,226,227,227,227,227,227,227,227,227,227,227,227,227,227,227,227,227,227,226,226,226,226,226,226,226,226,226,226,226,226,226,226,226,225,225,225,225,225,224,224,224,224,224,224,224,224,224,224,224,224,224,224,224,224,224,224,224,224,225,225,225,225,225,225,225,225,226,226,226,226,227,227,227,227,228,228,228,228,227,227,227,226,226,226,226,226,226,225,225,225,225,225,225,225,225,225,225,225,225,225,225,224,224,224,224,224,224,224,224,224,224,224,224,224,224,224,224,224,224,224,224,224,224,224,224,224,224,224,224,224,224,224,224,224,224,224,224,225,225,225,225,225,225,225,225,226,226,226,226,226,226,226,226,227,227,227,227,227,228,229,229,229,229,229,229,230,230,230,230,231,231,231,231,231,231,231,231,231,231,231,231,231,231,231,231,231,232,232,232,232,231,231,231,231,230,230,230,230,230,230,229,229,229,229,228,228,228,228,228,228,228,228,228,228,228,229,229,230,230,230,231,231,231,231,231,231,232,232,232,232,233,233,234,235,235,234,234,234,234,234,233,232,232,232,231,231,230,230,229,229,229,227,227,227,226,225,225,225,223,223,222,222,221,221,219,219,219,219,219,219,219,219,219,219,219,218,218,218,218,218,220,220,220,219,219,220,220,220,220,220,220,220
222,222,223,224,224,225,226,226,227,228,229,229,229,229,230,230,230,230,229,229,229,229,229,229,229,229,229,229,229,229,228,228,228,228,228,228,227,227,228,228,227,227,227,227,227,227,227,227,227,227,228,228,228,228,228,228,228,228,228,227,227,227,226,226,227,227,227,227,227,227,227,227,227,226,226,226,226,225,225,225,225,225,225,225,225,225,224,224,224,224,224,224,224,224,224,224,224,224,224,224,224,224,226,226,226,226,226,226,226,226,227,227,227,227,228,228,228,228,229,229,229,229,228,228,228,227,227,227,227,227,227,226,226,226,226,226,226,226,226,226,226,226,226,226,226,224,224,224,224,224,224,224,224,224,224,224,224,225,225,225,225,225,225,225,225,224,224,224,224,224,224,224,224,224,224,224,224,225,225,225,225,226,226,226,226,227,227,227,227,228,228,228,228,228,228,228,228,229,229,229,229,229,229,230,231,231,231,231,231,232,232,232,232,233,233,233,233,233,233,233,233,233,233,233,233,233,233,233,233,233,234,234,234,234,232,232,232,232,231,231,231,231,231,231,230,230,230,230,230,230,230,230,230,230,230,230,230,230,230,230,230,232,231,231,233,233,233,233,233,233,233,233,233,233,234,234,235,235,236,235,235,235,235,234,234,233,233,233,232,232,231,231,230,230,229,228,228,227,227,226,226,226,224,224,223,223,222,222,221,221,221,221,221,221,221,221,221,221,221,220,220,220,220,220,222,222,221,221,221,221,221,222,222,221,221,221
222,222,223,223,223,224,225,226,227,228,229,229,230,231,230,230,230,230,230,230,230,230,230,230,230,230,230,230,230,230,229,229,229,229,229,229,227,227,229,229,228,228,228,228,227,228,229,228,228,228,228,228,228,228,228,228,228,228,228,228,228,226,226,227,228,228,228,228,228,228,226,226,226,226,227,227,226,226,226,226,226,226,225,225,225,225,225,225,225,225,225,225,225,225,225,225,225,225,226,226,226,226,227,227,227,227,227,227,227,227,228,228,228,228,228,228,228,228,228,228,228,228,228,228,228,228,228,228,228,227,227,227,227,227,227,227,227,227,227,227,227,227,226,226,226,226,226,226,226,226,226,226,226,225,225,225,225,225,225,225,225,226,226,226,226,226,226,226,226,226,226,226,226,226,226,226,226,227,227,227,227,228,228,228,228,228,228,228,228,229,229,229,229,229,229,229,229,230,230,230,230,232,232,232,232,233,233,233,233,233,233,233,233,234,234,234,234,233,233,233,235,235,235,235,235,235,235,235,235,235,235,235,235,235,234,234,234,234,234,234,234,234,233,233,233,233,233,233,232,232,232,232,231,231,231,231,232,232,232,232,232,232,233,234,235,235,234,234,234,234,235,235,235,235,235,235,236,237,237,236,236,235,235,235,235,235,234,234,233,233,232,232,231,231,230,229,229,229,228,227,226,226,226,226,225,225,222,222,222,222,222,222,222,222,222,222,222,222,222,222,222,222,222,223,223,222,222,222,222,223,223,223,223,222,222,222
222,222,223,223,223,224,225,226,227,228,229,229,230,230,230,230,230,230,230,230,230,230,230,230,230,230,230,230,230,230,229,229,229,229,229,229,227,227,229,229,228,228,228,227,227,228,229,228,228,228,228,228,228,228,228,228,228,228,228,228,228,226,226,227,228,228,228,228,228,228,226,226,226,226,227,227,226,226,226,226,226,226,225,225,225,225,225,225,225,225,225,225,225,225,225,225,225,225,226,226,226,226,227,227,227,227,227,227,227,227,228,228,228,228,228,228,228,228,228,228,228,228,228,228,228,228,228,228,228,227,227,227,227,227,227,227,227,227,227,227,227,227,226,226,226,226,226,226,226,226,226,226,226,225,225,225,225,226,226,226,226,226,226,226,226,226,226,226,226,226,226,226,226,226,226,226,226,227,227,227,227,228,228,228,228,228,228,228,228,229,229,229,229,230,230,230,230,231,231,231,231,232,232,232,232,233,233,233,233,233,233,233,233,234,234,234,234,234,234,234,235,235,235,235,235,235,235,235,235,235,235,235,235,235,234,234,234,234,234,234,234,234,233,233,233,233,233,233,232,232,232,232,232,232,232,232,233,233,233,233,233,233,233,233,235,235,235,235,235,235,235,235,235,235,235,235,236,236,237,236,236,235,235,235,235,235,234,234,233,233,232,232,231,231,230,230,229,229,228,228,226,226,226,226,225,225,223,223,223,223,223,223,223,223,223,223,223,223,223,223,223,223,223,223,223,223,223,223,223,224,224,224,224,223,223,223
222,222,223,223,223,224,225,226,227,228,228,228,229,230,230,230,230,230,230,230,230,230,230,230,230,230,230,230,230,230,229,229,229,229,229,229,228,228,229,229,228,228,228,228,227,228,229,229,229,229,229,228,228,228,228,228,228,228,228,228,228,227,227,228,228,228,228,228,228,228,227,227,227,227,227,227,227,227,227,227,227,227,226,226,226,226,226,226,226,226,226,226,226,226,226,226,226,226,226,226,226,226,227,227,227,227,227,227,227,227,228,228,228,228,228,228,228,228,228,228,228,228,228,228,228,228,228,228,228,228,228,228,228,228,228,228,228,228,228,228,228,228,227,227,227,227,227,227,227,227,227,227,227,226,226,226,226,227,227,227,227,227,227,227,227,227,227,227,227,227,227,227,227,227,227,227,227,228,228,228,228,229,229,229,229,229,229,229,229,230,230,230,230,231,231,231,231,232,232,232,232,233,233,233,233,234,234,234,234,234,234,234,234,235,235,235,235,235,235,235,236,236,236,236,236,236,236,236,236,236,236,236,236,236,235,235,235,235,235,235,235,235,234,234,234,234,234,234,233,233,233,233,233,233,233,233,234,234,234,234,234,234,234,234,235,236,236,236,236,236,236,236,236,236,236,236,237,237,237,237,237,236,236,236,236,236,235,235,234,234,233,233,232,232,231,230,230,230,229,228,227,227,227,227,226,226,224,224,224,224,224,224,224,224,224,224,224,224,224,224,224,224,224,224,224,224,224,224,224,225,225,225,225,224,224,224
222,222,222,223,223,224,225,226,227,228,227,228,228,229,230,230,230,230,230,230,230,230,230,230,230,230,230,230,230,230,229,229,229,229,229,229,229,229,229,229,228,228,228,228,227,228,229,230,230,230,230,228,228,228,228,228,228,228,228,228,228,228,228,229,229,228,228,228,228,228,228,228,228,227,227,228,228,228,228,228,228,228,227,227,227,227,227,227,227,227,227,227,227,227,227,227,227,227,226,226,226,226,227,227,227,227,227,227,227,227,228,228,228,228,228,228,228,228,228,228,228,228,228,228,228,228,228,228,228,229,229,229,229,229,229,229,229,229,229,229,229,229,228,228,228,228,228,228,228,228,228,228,228,227,227,227,227,229,229,229,229,228,228,228,228,228,228,228,228,228,228,228,228,228,228,228,228,229,229,229,229,230,230,230,230,230,230,230,230,231,231,231,231,233,233,233,233,234,234,234,234,234,234,234,234,235,235,235,235,235,235,235,235,236,236,236,236,237,237,237,237,237,237,237,237,237,237,237,237,237,237,237,237,237,236,236,236,236,236,236,236,236,235,235,235,235,235,235,234,234,234,234,235,235,235,235,236,236,236,236,236,236,235,235,235,236,238,238,238,237,237,237,237,237,237,237,238,238,238,238,238,237,237,237,237,237,236,236,235,234,234,234,233,232,232,231,231,230,230,230,228,228,228,228,227,227,226,226,226,226,226,226,226,226,226,226,226,226,226,226,226,226,225,225,226,226,226,226,226,227,227,227,227,226,226,226
223,223,223,223,223,224,225,225,225,225,227,227,228,229,230,230,230,230,230,230,230,230,230,230,230,230,230,230,230,230,230,230,230,230,229,229,229,229,229,229,229,229,229,229,228,228,229,228,228,228,228,228,227,227,227,227,228,227,227,227,227,228,228,229,229,228,227,227,227,227,228,228,227,227,227,227,227,227,227,227,227,227,227,227,227,227,227,227,227,227,228,228,228,228,228,228,228,228,229,229,229,229,228,228,228,228,228,228,228,228,229,229,229,229,229,229,229,229,229,229,229,229,230,230,230,230,230,230,230,230,230,230,231,231,231,231,231,231,230,230,230,230,230,230,230,230,230,230,230,229,229,229,229,230,230,230,230,230,230,230,230,230,230,230,230,230,230,230,230,230,230,230,230,230,230,230,230,231,231,231,231,232,232,232,232,231,231,231,231,232,232,232,232,233,233,233,233,233,233,234,235,235,235,235,235,236,236,236,236,236,236,236,236,236,236,236,236,238,238,238,237,237,237,237,237,237,237,237,237,237,238,238,238,238,238,238,238,238,238,238,237,236,236,236,236,235,235,235,235,235,235,235,235,235,235,235,236,236,236,236,237,237,237,237,237,237,237,238,238,238,238,238,238,238,238,237,237,239,239,238,238,238,238,238,238,238,236,236,236,236,236,236,234,234,233,232,232,232,231,231,231,231,230,229,228,228,227,227,227,227,227,227,227,227,227,227,227,227,227,227,227,227,227,227,227,227,227,227,227,228,228,227,227,227,227,227
223,223,223,223,223,224,225,225,225,225,227,227,228,228,229,229,229,229,229,229,229,229,230,230,230,230,230,230,230,230,230,230,230,230,229,229,229,229,229,229,229,229,229,229,228,228,228,228,228,228,228,228,227,227,227,227,228,227,227,227,227,228,228,229,228,228,227,227,227,227,228,228,227,227,227,227,227,227,227,227,227,227,227,227,227,227,227,227,227,227,228,228,228,228,228,228,228,228,229,229,229,229,228,228,228,228,228,228,228,228,229,229,229,229,229,229,229,229,229,229,229,229,230,230,230,230,230,230,230,230,230,230,231,231,231,231,231,231,231,231,231,231,230,230,230,230,230,230,230,230,230,230,230,230,230,230,230,230,230,230,230,230,230,230,230,230,230,230,230,230,230,230,230,230,230,230,230,231,231,231,231,232,232,232,232,231,231,231,231,232,232,232,232,233,233,233,233,233,234,235,235,235,235,235,235,236,236,236,236,236,236,236,236,236,236,236,236,238,238,238,237,237,237,237,237,237,237,237,237,237,238,238,238,238,238,238,238,238,238,238,237,236,236,236,236,235,235,235,235,235,235,235,235,235,235,235,236,236,236,236,237,237,237,237,237,237,237,237,238,238,238,238,238,238,238,237,237,239,239,238,238,238,238,238,238,238,236,236,235,236,236,236,234,234,233,233,232,232,231,231,231,231,230,230,228,228,227,227,227,227,227,227,227,227,227,227,227,227,227,227,227,227,227,227,227,227,227,227,227,228,228,227,227,227,227,227
223,223,223,223,223,224,225,225,225,225,226,226,227,228,228,228,228,228,228,228,228,228,229,229,229,229,229,229,229,229,229,229,229,229,228,228,228,228,228,228,228,228,228,228,227,227,228,228,228,228,229,229,228,228,228,228,228,228,228,228,228,229,229,229,228,228,228,228,228,228,228,228,228,228,228,227,227,227,227,227,227,227,227,227,227,227,227,227,227,227,228,228,228,228,228,228,228,228,229,229,229,229,229,229,229,229,229,229,229,229,230,230,230,230,230,230,230,230,230,230,230,230,231,231,231,231,231,231,231,231,231,231,232,232,232,232,232,232,232,232,232,232,231,231,231,231,231,231,231,231,231,231,231,231,231,231,231,231,231,231,231,231,231,231,231,231,231,231,231,231,231,231,231,231,231,231,231,232,232,232,232,233,233,233,233,232,232,232,232,233,233,233,233,234,234,234,234,234,235,235,236,236,236,236,236,237,237,237,237,237,237,237,237,237,237,237,237,238,238,238,238,238,238,238,238,238,238,238,238,238,238,238,238,238,238,238,238,238,238,238,237,236,236,236,236,235,235,235,235,235,235,235,235,235,235,235,236,236,236,236,237,237,237,237,237,237,237,237,238,238,238,238,238,238,238,238,238,239,239,239,239,239,239,239,239,238,237,237,236,236,236,236,235,235,234,233,233,233,232,232,232,232,231,230,229,229,228,228,228,228,228,228,228,228,228,228,228,228,228,228,228,228,228,228,228,228,228,228,228,229,229,228,228,228,228,228
223,223,223,223,223,224,225,225,225,225,225,226,226,227,226,226,226,226,226,226,226,226,228,228,228,228,228,228,228,228,228,228,228,228,227,227,227,227,227,227,227,227,227,227,226,226,227,228,228,228,230,230,229,229,229,228,228,228,229,229,229,230,229,229,228,228,229,229,229,228,228,229,229,229,229,227,227,227,227,227,227,227,227,227,227,227,227,227,227,227,228,228,228,228,228,228,228,228,229,229,229,229,230,230,230,230,230,230,230,230,231,231,231,231,231,231,231,231,231,231,231,231,232,232,232,232,232,232,232,232,232,232,232,233,233,233,233,233,234,234,234,234,232,232,232,232,232,232,232,233,233,233,233,232,232,232,232,232,232,232,232,232,232,232,232,232,232,232,232,232,232,232,232,232,232,232,232,233,233,233,233,234,234,234,234,233,233,233,233,234,234,234,234,235,235,235,235,235,235,236,237,237,237,237,237,238,238,238,238,238,238,238,238,238,238,238,238,238,238,238,239,239,239,239,239,239,239,239,239,239,238,238,238,238,238,238,238,238,238,238,237,236,236,236,236,235,235,235,235,235,235,235,235,235,235,235,236,236,236,236,237,237,237,237,237,237,237,237,237,238,238,238,238,238,238,239,239,239,239,240,240,240,240,240,240,238,238,238,237,237,236,236,236,235,235,234,234,234,233,233,233,232,232,231,230,230,229,229,229,229,229,229,229,229,229,229,229,229,229,229,229,229,229,229,229,229,229,229,229,230,230,229,229,229,229,229
224,224,224,224,223,223,223,224,224,224,224,224,224,224,225,225,225,225,225,225,225,225,226,226,226,226,227,227,227,227,226,226,226,226,226,226,226,225,225,226,226,226,226,226,226,226,226,227,228,229,229,229,231,231,231,231,231,230,230,230,230,230,229,229,229,229,229,229,228,228,228,228,228,228,228,227,227,227,227,227,227,227,227,227,227,227,228,228,228,228,229,229,229,229,229,229,229,229,230,230,230,230,230,230,230,230,230,230,230,230,230,230,230,230,231,231,231,231,231,231,231,231,232,232,232,232,233,233,233,233,232,232,232,233,233,233,233,233,233,233,233,233,233,233,233,233,233,233,233,232,232,232,232,232,232,232,232,233,233,233,233,233,233,233,233,234,234,234,234,233,233,233,233,233,233,233,233,233,233,233,233,233,233,233,233,235,235,235,235,235,235,235,235,236,236,236,236,237,237,237,237,237,237,237,237,237,237,238,239,238,238,238,238,238,238,238,238,238,238,238,239,239,239,239,239,239,239,239,239,239,239,239,239,239,238,238,238,238,237,237,237,237,236,236,236,235,235,235,236,236,236,236,236,236,236,236,235,235,236,237,237,237,237,237,237,237,237,237,237,238,238,239,239,239,239,239,239,240,240,240,240,241,241,240,240,239,239,238,238,238,237,237,235,235,236,236,234,234,233,233,233,233,232,231,231,231,230,230,230,230,230,230,230,230,230,230,230,230,230,230,230,230,230,230,230,230,231,231,231,231,231,231,230,230,231,231
224,224,224,224,223,223,223,224,224,224,224,224,224,224,225,225,225,225,225,225,225,225,226,226,226,226,225,225,225,225,226,226,226,226,226,226,226,225,225,226,226,226,226,226,226,226,227,227,228,228,229,229,230,231,231,231,231,230,230,230,230,230,229,229,229,229,229,229,228,228,228,228,228,228,227,227,227,227,227,227,227,227,227,227,227,227,228,228,228,228,229,229,229,229,229,229,229,229,230,230,230,230,230,230,230,230,230,230,230,230,230,230,230,230,231,231,231,231,231,231,231,231,232,232,232,232,233,233,233,233,232,232,232,233,233,233,233,233,233,233,233,233,233,233,233,233,233,233,233,232,232,232,232,232,232,232,232,233,233,233,233,233,233,233,233,234,234,234,234,233,233,233,233,233,233,233,233,233,233,233,233,233,233,233,233,235,235,235,235,235,235,235,235,236,236,236,236,237,237,237,237,237,237,237,237,237,237,238,239,238,238,238,238,238,238,238,238,238,238,238,239,239,239,239,239,239,239,239,239,239,239,239,239,239,238,238,238,238,237,237,237,237,236,236,236,235,235,235,236,236,236,236,236,236,236,236,235,235,236,237,237,237,237,237,237,237,237,237,237,238,238,239,239,239,239,239,239,240,240,240,240,241,241,240,240,239,239,238,238,238,237,237,235,235,235,236,234,234,233,233,233,233,232,232,231,231,230,230,230,230,230,230,230,230,230,230,230,230,230,230,230,230,230,231,231,231,231,231,231,231,231,231,230,230,231,231
224,224,224,224,224,224,224,224,224,224,224,224,224,224,224,224,224,224,224,224,224,224,225,225,225,225,224,224,224,224,225,225,225,225,225,225,225,225,225,225,225,225,225,225,225,225,226,226,227,228,229,229,230,231,231,231,231,231,231,231,231,231,230,230,230,230,230,230,229,229,229,229,229,229,228,228,228,228,228,228,228,228,228,228,228,228,229,229,229,229,229,229,229,229,229,229,229,229,230,230,230,230,230,230,230,230,230,230,230,230,230,230,230,230,231,231,231,231,231,231,231,231,232,232,232,232,232,232,232,232,232,232,232,232,233,233,233,233,233,233,233,233,233,233,233,233,233,233,233,233,233,233,233,233,233,233,233,234,234,234,234,234,234,234,234,235,235,235,235,234,234,234,234,234,234,234,234,234,234,234,234,234,234,234,234,235,235,235,235,235,235,235,235,236,236,236,236,237,237,237,237,237,237,237,237,237,237,238,239,238,238,238,238,238,238,238,238,238,238,238,239,239,239,239,239,239,239,239,239,239,239,239,239,239,238,238,238,238,237,237,237,237,236,236,236,236,236,236,236,236,236,236,236,236,236,236,235,235,236,237,237,237,237,237,237,237,237,237,237,237,238,238,239,239,239,239,239,240,240,240,240,241,241,240,240,239,239,238,238,238,237,237,236,236,236,236,235,235,234,234,234,234,233,232,232,232,231,231,231,231,231,231,231,231,231,231,231,231,231,231,231,231,231,232,232,232,232,232,232,232,232,232,231,231,232,232
224,224,224,224,225,225,225,225,224,224,224,224,224,224,223,223,223,223,223,223,223,223,224,224,224,224,225,225,225,225,224,224,224,224,224,224,224,224,225,224,224,224,224,224,224,224,225,226,226,227,229,229,230,231,231,231,231,232,232,232,232,232,231,231,231,231,231,231,230,230,230,230,230,230,229,229,229,229,229,229,229,229,229,229,229,229,230,230,230,230,229,229,229,229,229,229,229,229,230,230,230,230,230,230,230,230,230,230,230,230,230,230,230,230,231,231,231,231,231,231,231,231,232,232,232,232,231,231,231,231,232,232,232,232,233,233,233,233,233,233,233,233,233,233,233,233,233,233,233,234,234,234,234,234,234,234,234,235,235,235,235,235,235,235,235,236,236,236,236,235,235,235,235,235,235,235,235,235,235,235,235,235,235,235,235,235,235,235,235,235,235,235,235,236,236,236,236,237,237,237,237,237,237,237,237,237,237,238,239,238,238,238,238,238,238,238,238,238,238,238,239,239,239,239,239,239,239,239,239,239,239,239,239,239,238,238,238,238,237,237,237,237,236,236,236,237,237,237,236,236,236,236,236,236,236,236,235,235,236,237,237,237,237,237,237,237,237,237,237,237,238,238,239,239,239,239,239,240,240,240,240,241,241,240,240,239,239,238,238,238,237,237,237,237,237,237,236,236,235,235,235,234,234,233,233,233,232,232,232,232,232,232,232,232,232,232,232,232,232,232,232,232,232,234,234,234,234,233,233,233,233,233,232,232,233,233
226,226,226,225,225,224,224,224,224,224,224,224,224,224,224,224,224,224,223,223,223,223,223,223,223,223,223,223,223,223,223,223,223,223,224,224,224,224,225,225,225,225,225,225,224,225,225,225,226,227,228,228,229,230,231,231,231,231,231,231,231,231,231,231,229,229,229,229,230,230,230,230,230,230,230,230,230,230,230,230,230,230,230,230,230,230,229,229,229,229,229,229,229,229,230,230,230,230,230,230,230,230,229,229,229,229,231,231,231,231,231,231,231,231,231,231,231,231,231,231,231,231,231,231,231,231,231,231,231,231,230,230,231,232,233,233,232,232,232,232,234,234,234,234,234,234,234,234,234,234,234,234,234,233,233,233,233,235,235,235,235,235,235,235,235,236,236,236,236,236,236,236,236,234,234,234,234,234,234,234,234,235,235,235,235,235,235,235,235,237,237,237,237,237,237,237,237,237,237,237,237,238,238,238,238,238,238,238,238,238,238,238,238,239,239,239,239,239,239,239,239,239,239,239,238,238,238,238,239,239,239,239,239,239,238,238,238,238,238,238,238,238,237,237,236,236,236,236,237,237,237,237,237,237,237,237,237,237,237,237,236,236,236,236,236,236,236,236,238,238,238,238,239,239,238,238,239,239,239,239,239,241,241,241,241,241,240,240,240,240,238,238,237,237,237,237,236,236,236,236,234,234,234,234,233,233,233,233,232,232,232,232,232,232,232,232,232,232,232,233,233,233,233,233,233,233,233,233,234,234,233,232,232,232,233,233
226,226,226,225,225,225,224,224,224,224,224,224,224,224,224,224,224,224,223,223,223,223,223,223,223,223,223,223,223,223,223,223,223,223,224,224,224,224,225,225,225,225,225,225,224,225,225,225,226,227,228,228,229,230,231,231,231,231,231,231,231,231,231,231,229,229,229,229,230,230,230,230,230,230,230,230,230,230,230,230,230,230,230,230,230,230,229,229,229,229,229,229,229,229,230,230,230,230,230,230,230,230,229,229,229,229,231,231,231,231,231,231,231,231,231,231,231,231,231,231,231,231,231,231,231,231,231,231,231,231,230,231,232,232,233,233,232,232,232,232,234,234,234,234,234,234,234,234,234,234,234,234,234,233,233,233,233,235,235,235,235,235,235,235,235,236,236,236,236,236,236,236,236,234,234,234,234,234,234,234,234,235,235,235,235,235,235,235,235,237,237,237,237,237,237,237,237,237,237,237,237,238,238,238,238,238,238,238,238,238,238,238,238,239,239,239,239,239,239,239,239,239,239,239,238,238,238,238,239,239,239,239,239,239,238,238,238,238,238,238,238,238,237,237,236,236,236,236,237,237,237,237,237,237,237,237,237,237,237,237,236,236,236,236,236,236,236,236,238,238,238,238,239,239,238,238,239,239,239,239,239,241,241,241,241,241,240,240,240,240,238,238,237,237,237,237,236,236,236,236,234,234,234,234,233,233,233,233,232,232,232,232,232,232,232,232,232,232,232,233,233,233,233,233,233,233,233,233,234,234,233,232,232,232,233,233
227,227,227,226,226,226,225,225,225,225,225,224,224,224,224,224,224,224,224,224,224,224,224,224,224,224,224,224,224,224,224,224,224,224,225,225,225,225,226,226,226,225,225,225,224,225,225,225,226,227,228,228,229,231,231,231,231,231,231,231,231,231,231,231,230,230,230,230,230,230,230,230,230,230,230,230,230,230,230,230,230,230,230,230,230,230,230,230,230,230,230,230,230,230,230,230,230,230,230,230,230,230,230,230,230,230,231,231,231,231,231,231,231,231,231,231,231,231,231,231,231,231,231,231,231,231,231,231,231,231,231,232,232,233,233,233,233,233,233,233,234,234,234,234,234,234,234,234,234,234,234,234,234,234,234,234,234,235,235,235,235,235,235,235,235,236,236,236,236,236,236,236,236,235,235,235,235,235,235,235,235,236,236,236,236,236,236,236,236,237,237,237,237,237,237,237,237,237,237,237,237,238,238,238,238,238,238,238,238,238,238,238,238,239,239,239,239,239,239,239,239,239,239,239,239,239,239,239,239,239,239,239,239,239,238,238,238,238,238,238,238,238,237,237,237,237,237,237,237,237,237,237,237,237,237,237,237,237,237,237,237,237,237,237,237,237,237,237,238,238,238,238,238,239,238,238,239,240,240,240,240,241,241,242,242,241,240,240,240,240,238,238,238,238,238,238,237,237,236,236,235,235,235,235,234,234,234,234,233,233,233,233,233,233,233,233,233,233,233,234,234,234,234,234,234,234,234,234,234,234,234,233,233,233,234,234
228,228,228,227,227,227,226,226,226,226,226,224,224,224,224,224,224,224,225,225,225,225,225,225,225,225,225,225,225,225,225,225,225,225,226,226,226,226,227,227,225,225,225,225,224,225,225,225,226,227,228,228,230,231,231,231,231,231,231,231,231,231,231,231,231,231,231,230,230,230,230,230,230,230,230,230,230,230,230,230,230,230,230,230,230,230,231,231,231,231,231,231,231,231,230,230,230,230,230,230,230,230,231,231,231,231,231,231,231,231,231,231,231,231,231,231,231,231,231,231,231,231,231,231,231,231,231,231,231,231,232,232,233,234,233,233,234,234,234,234,234,234,234,234,234,234,234,234,234,234,234,234,234,235,235,235,235,235,235,235,235,235,235,235,235,236,236,236,236,236,236,236,236,236,236,236,236,236,236,236,236,237,237,237,237,237,237,237,237,237,237,237,237,237,237,237,237,237,237,237,237,238,238,238,238,238,238,238,238,238,238,238,238,239,239,239,239,239,239,239,239,239,239,239,240,240,240,240,239,239,239,239,239,239,238,238,238,238,238,238,238,238,237,237,238,238,238,238,237,237,237,237,237,237,237,237,237,237,237,237,238,238,238,238,238,238,238,238,238,238,238,238,238,238,238,238,239,240,241,241,241,241,241,243,243,241,241,240,240,240,238,238,238,239,239,239,238,238,236,236,236,236,236,236,235,235,235,235,234,234,234,234,234,234,234,234,234,234,234,235,235,235,235,235,235,235,235,235,234,235,235,234,234,234,235,235
229,229,229,228,228,228,227,227,226,226,226,226,226,226,226,226,226,226,225,225,225,225,225,225,225,225,226,226,226,226,225,225,225,225,226,226,227,228,228,226,226,226,226,226,226,226,226,226,227,228,228,228,228,230,230,230,230,230,230,230,230,231,231,231,231,231,231,231,231,231,231,231,231,231,230,230,230,230,231,231,231,231,231,231,231,231,231,231,231,231,231,231,231,231,232,232,231,230,230,230,230,230,231,231,231,231,230,230,230,230,232,232,232,232,232,232,232,232,232,232,232,232,231,231,231,231,232,232,232,232,231,231,232,233,234,233,234,234,234,234,234,234,234,234,234,234,234,234,234,235,235,235,235,236,236,236,236,236,236,236,236,236,236,236,236,237,237,237,237,237,237,237,237,237,237,237,237,237,237,237,237,236,236,236,236,237,237,237,237,237,237,237,237,238,238,238,238,237,237,237,237,239,239,239,239,239,239,239,239,239,239,239,239,239,239,239,239,240,240,240,240,239,239,239,239,239,239,239,239,239,239,239,239,239,238,238,238,238,239,239,239,239,238,238,238,238,238,238,238,238,238,238,238,238,238,238,238,238,238,238,238,238,238,238,238,238,238,238,238,238,238,239,239,239,240,240,240,240,241,240,240,240,240,242,242,242,240,240,241,241,240,240,240,238,239,239,238,238,237,237,237,237,237,237,235,235,235,235,235,235,235,235,235,235,234,234,234,234,234,234,234,234,234,234,234,234,234,235,235,235,235,235,235,235,235,235
229,229,229,228,228,228,227,227,226,226,226,226,226,226,226,226,226,226,225,225,225,225,226,226,226,226,226,226,226,226,226,226,226,226,226,227,228,228,227,226,226,226,226,226,226,226,226,227,228,228,228,228,231,230,230,230,230,230,230,230,230,231,231,231,231,231,231,231,231,231,231,231,231,231,230,230,230,230,231,231,231,231,231,231,231,231,231,231,231,231,231,231,231,231,232,231,230,230,230,230,230,230,231,231,231,231,230,230,230,230,232,232,232,232,232,232,232,232,232,232,232,232,231,231,231,231,232,232,232,232,231,232,233,233,233,233,234,234,234,234,234,234,234,234,234,234,234,234,234,235,235,235,235,236,236,236,236,236,236,236,236,236,236,236,236,237,237,237,237,237,237,237,237,237,237,237,237,237,237,237,237,236,236,236,236,237,237,237,237,237,237,237,237,238,238,238,238,237,237,237,237,239,239,239,239,239,239,239,239,239,239,239,239,239,239,239,239,240,240,240,240,239,239,239,239,239,239,239,239,239,239,239,239,239,238,238,238,238,239,239,239,239,238,238,238,238,238,238,238,238,238,238,238,238,238,238,238,238,238,238,238,238,238,238,238,238,238,238,238,238,238,239,239,239,240,240,240,240,241,240,240,240,240,242,242,242,240,240,240,241,240,240,240,238,238,239,238,238,237,237,237,236,237,237,235,235,235,235,235,235,235,235,235,234,234,234,234,234,234,234,234,234,234,234,234,234,234,235,235,235,235,235,235,235,235,235
229,229,229,229,229,229,228,228,227,227,227,227,227,227,227,227,227,227,226,226,226,226,227,227,227,227,227,227,227,227,227,227,227,227,227,228,228,229,227,227,227,227,227,227,227,227,227,228,228,229,229,229,231,231,231,231,231,231,231,231,231,231,231,231,231,231,231,231,231,231,231,231,231,231,230,230,230,230,231,231,231,231,231,231,231,231,231,231,231,231,231,231,231,231,231,230,230,229,230,230,230,230,231,231,231,231,231,231,231,231,232,232,232,232,232,232,232,232,232,232,232,232,232,232,232,232,232,232,232,232,232,233,233,234,234,234,235,235,235,235,235,235,235,235,235,235,235,235,235,236,236,236,236,236,236,236,236,236,236,236,236,236,236,236,236,237,237,237,237,237,237,237,237,237,237,237,237,237,237,237,237,237,237,237,237,238,238,238,238,238,238,238,238,238,238,238,238,238,238,238,238,239,239,239,239,239,239,239,239,239,239,239,239,239,239,239,239,240,240,240,240,240,240,240,240,240,240,240,240,240,239,239,239,239,239,239,239,239,239,239,239,239,238,238,238,238,238,238,238,238,238,238,238,238,238,238,238,238,238,238,238,238,238,238,238,238,238,238,238,238,238,239,239,239,240,240,240,241,241,241,241,241,241,242,242,242,241,241,241,241,240,240,240,239,239,239,238,238,238,238,238,237,237,237,236,236,236,235,235,235,235,235,235,235,235,235,235,235,235,235,235,235,235,235,235,235,235,236,236,236,236,236,236,235,235,235
229,229,229,230,230,230,229,229,228,228,228,228,228,228,228,228,228,228,227,227,227,227,229,229,229,229,228,228,228,228,229,229,229,229,228,228,229,228,227,228,228,228,228,228,228,228,228,228,229,230,230,230,231,231,232,232,232,232,232,231,231,231,231,231,231,231,231,231,231,231,231,231,231,231,230,230,230,230,231,231,231,231,231,231,231,231,231,231,231,231,231,231,231,231,230,230,229,228,230,230,230,230,231,231,231,231,232,232,232,232,232,232,232,232,232,232,232,232,232,232,232,232,233,233,233,233,232,232,232,232,233,233,234,234,234,235,236,236,236,236,236,236,236,236,236,236,236,236,236,237,237,237,237,236,236,236,236,236,236,236,236,236,236,236,236,237,237,237,237,237,237,237,237,237,237,237,237,237,237,237,237,238,238,238,238,239,239,239,239,239,239,239,239,238,238,238,238,239,239,239,239,239,239,239,239,239,239,239,239,239,239,239,239,239,239,239,239,240,240,240,240,241,241,241,241,241,241,241,241,241,239,239,239,239,240,240,240,240,239,239,239,239,238,238,238,238,238,238,238,238,238,238,238,238,238,238,238,238,238,238,238,238,238,238,238,238,238,238,238,238,238,239,239,239,239,240,240,240,241,241,242,242,242,242,242,242,242,242,242,241,241,240,240,240,239,239,239,238,239,239,239,238,237,237,237,237,237,235,235,235,235,235,235,236,236,236,236,236,236,236,236,236,236,236,236,236,236,237,237,237,237,237,235,235,235,235
231,231,230,230,230,230,229,229,230,230,230,230,229,229,229,229,229,229,229,229,229,229,229,229,229,229,229,229,229,229,231,231,231,231,231,231,230,230,230,230,230,230,229,229,229,229,230,230,230,229,230,231,231,233,233,233,233,232,231,230,230,231,231,231,231,231,231,231,231,231,231,231,231,231,232,231,230,231,231,231,231,231,231,231,231,231,230,231,231,228,234,225,240,226,230,231,224,225,202,225,222,225,226,238,236,230,233,231,228,234,233,233,233,233,233,233,233,233,233,233,233,233,233,233,233,233,232,232,233,234,234,234,234,234,235,235,236,236,236,237,236,235,236,236,236,236,236,236,236,236,236,236,236,236,236,236,236,236,236,236,236,236,236,236,236,236,236,236,236,236,236,237,238,237,237,238,239,238,238,238,238,238,238,238,238,238,238,238,238,239,239,239,239,239,239,239,239,239,239,239,239,238,238,238,238,239,239,239,239,239,239,239,239,239,239,239,239,241,241,241,241,241,241,241,241,241,241,241,241,241,241,241,241,241,240,240,240,240,236,237,238,239,239,240,240,238,239,239,239,239,239,239,239,239,240,241,241,239,241,239,232,242,248,238,237,239,240,240,237,237,238,239,239,239,239,240,240,240,241,242,242,242,242,243,243,243,243,242,242,242,242,241,241,239,239,240,240,238,238,239,239,238,238,238,237,237,237,237,237,237,236,236,236,235,235,235,236,236,236,236,236,235,235,237,237,237,237,237,237,237,237,237,237,237,237,237
231,231,230,230,230,230,229,229,230,230,230,230,229,229,229,229,229,229,229,229,229,229,229,229,229,229,229,229,229,229,231,231,231,231,231,231,230,230,230,230,230,230,229,229,229,229,230,230,229,230,231,231,231,233,233,233,233,232,232,230,230,231,231,231,231,231,231,231,231,231,231,231,231,231,232,231,230,231,231,231,231,231,231,231,231,231,232,231,231,232,230,228,236,219,177,164,135,125,68,118,94,81,128,181,237,228,234,233,236,232,233,233,233,233,233,233,233,233,233,233,233,233,233,233,233,233,232,233,234,234,234,234,234,234,235,235,236,236,236,238,237,236,235,236,236,236,236,236,236,236,236,236,236,236,236,236,236,236,236,236,236,236,236,236,236,236,236,236,236,236,236,237,237,237,237,238,239,238,238,238,238,238,238,238,238,238,238,238,238,237,237,237,237,239,239,239,239,239,239,239,239,238,238,238,238,239,239,239,239,239,239,239,239,239,239,239,239,241,241,241,241,241,241,241,241,241,241,241,241,241,241,241,241,241,240,240,240,240,238,239,239,240,238,239,240,239,239,239,239,239,239,239,240,239,239,238,238,240,237,234,253,230,223,234,239,237,237,237,239,239,239,239,239,239,239,240,240,240,241,241,242,242,242,243,243,243,243,242,242,242,242,241,241,239,239,239,240,238,238,239,239,238,238,238,237,237,237,237,237,236,236,236,236,235,235,235,236,236,236,236,236,235,235,235,237,237,237,237,237,237,237,237,237,237,237,237
231,231,231,231,231,231,230,230,230,230,230,230,230,230,230,230,230,230,230,230,230,230,230,230,230,230,230,230,230,230,231,231,231,231,231,231,231,231,231,231,231,231,230,230,230,230,231,231,230,231,231,232,232,233,233,233,233,232,232,231,231,231,231,231,231,231,231,231,231,231,231,231,231,231,232,231,230,231,231,231,231,231,231,231,231,231,232,232,232,233,235,234,117,42,39,49,38,58,60,50,64,63,46,46,61,209,231,227,237,229,233,233,233,233,233,233,233,233,233,233,233,233,233,233,233,233,233,234,234,235,234,234,234,234,235,235,236,234,233,236,237,237,234,236,236,236,237,237,237,237,237,237,237,236,236,236,236,235,235,235,235,235,235,235,235,235,235,235,235,235,235,236,237,237,237,238,239,239,239,239,239,239,239,239,239,238,238,238,238,239,239,239,239,239,239,239,239,239,239,239,239,239,239,239,239,239,239,239,239,239,239,239,239,240,240,240,240,241,241,241,241,241,241,241,241,241,241,241,241,241,241,241,241,241,240,240,240,240,239,239,239,239,237,239,240,240,239,239,239,239,239,239,236,237,237,238,229,235,240,243,238,236,217,233,239,238,238,238,239,239,239,239,239,239,239,240,240,240,241,241,242,242,242,243,243,243,243,242,242,242,242,241,241,240,240,240,240,239,239,239,239,238,238,238,237,237,237,237,237,237,237,237,237,236,236,236,236,237,237,237,237,236,236,236,237,237,237,237,237,237,237,237,237,237,237,237
231,231,232,232,232,232,231,231,230,230,230,230,231,231,231,231,231,231,231,231,231,231,231,231,231,231,231,231,231,231,231,231,231,231,231,231,232,232,232,232,232,232,231,231,231,231,232,232,231,231,232,233,233,233,233,233,234,232,232,231,231,231,231,231,231,231,231,231,231,231,231,231,231,231,232,231,230,231,231,231,231,231,231,231,231,231,231,233,233,227,179,139,49,44,61,50,57,69,53,35,36,44,35,51,32,79,182,241,234,227,233,233,233,233,233,233,233,233,233,233,233,233,233,233,233,233,234,234,235,236,234,234,234,234,235,235,236,234,229,232,236,239,237,236,236,236,238,238,238,238,238,238,238,236,236,236,236,234,234,234,234,234,234,234,234,234,234,234,234,234,235,235,236,237,237,238,239,240,240,240,240,240,240,240,240,238,238,238,238,238,238,238,238,239,239,239,239,239,239,239,239,240,240,240,240,239,239,239,239,239,239,239,239,241,241,241,241,241,241,241,241,241,241,241,241,241,241,241,241,241,241,241,241,241,240,240,240,240,238,237,236,236,236,238,240,241,239,239,239,239,239,239,241,240,236,233,241,227,223,210,178,80,131,224,229,235,238,236,234,235,237,239,239,239,239,240,240,240,240,241,241,242,242,243,243,243,243,242,242,242,242,241,241,241,241,240,240,240,240,240,239,238,238,238,237,237,237,237,237,238,238,238,238,237,237,236,236,238,238,238,238,237,237,237,237,237,237,237,237,237,237,237,237,237,237,237
231,231,230,230,230,230,230,230,230,231,231,231,231,231,231,231,231,231,230,230,230,230,230,230,230,230,231,231,231,231,231,231,230,230,231,232,232,232,233,233,233,233,233,233,233,233,232,232,232,232,232,232,232,232,232,234,234,233,233,232,232,232,232,232,232,232,231,231,231,231,231,231,231,231,231,231,231,231,232,232,232,232,232,232,232,232,228,236,233,235,160,99,188,115,133,151,109,131,119,58,47,64,56,108,140,104,41,191,243,221,232,233,234,233,233,233,233,233,232,232,233,235,233,234,232,230,233,234,236,233,238,234,231,233,232,235,231,234,228,214,219,232,239,235,238,231,235,240,242,235,237,238,234,224,240,234,235,232,235,235,235,229,234,229,231,229,233,234,233,232,233,234,235,242,233,237,239,232,242,238,240,237,238,240,241,237,235,232,229,233,233,233,231,234,235,235,236,237,238,240,241,237,238,240,241,239,239,241,242,241,241,240,240,240,241,242,241,237,240,239,239,240,240,240,239,241,242,242,239,240,241,239,238,242,239,243,236,237,234,236,226,228,233,239,238,238,238,238,238,241,244,237,225,212,183,199,196,197,203,199,210,183,171,154,158,207,215,227,124,251,234,233,239,235,237,238,238,239,240,241,241,242,242,243,243,244,244,243,243,244,244,243,242,242,241,241,241,241,240,240,239,239,238,238,238,238,237,237,237,237,237,237,237,237,237,237,237,237,237,237,237,237,237,236,236,236,236,236,236,236,236,237,237,238,238,238
231,231,230,230,230,230,230,230,230,230,231,231,231,231,231,231,231,231,230,230,230,230,230,230,230,230,231,231,231,231,231,231,230,230,231,232,232,232,233,233,233,233,233,233,233,232,232,232,232,232,232,232,232,232,232,234,234,233,232,232,232,232,232,232,232,232,231,231,231,231,231,231,231,231,231,231,231,231,232,232,232,232,232,232,232,232,239,234,231,232,136,189,168,151,162,171,123,151,141,103,130,84,100,143,147,164,90,105,223,243,233,233,233,233,233,233,233,233,232,232,233,233,231,231,230,227,218,225,233,230,227,229,228,222,220,224,225,214,215,220,201,207,216,217,215,212,203,211,223,233,238,244,236,234,240,243,236,222,194,199,199,169,149,119,112,116,121,163,200,214,219,228,236,240,239,229,237,233,224,219,214,216,217,218,220,217,216,214,213,212,213,213,211,208,209,212,215,218,220,223,227,234,234,234,233,230,232,236,240,239,239,240,240,241,240,239,238,239,242,241,242,241,242,242,241,242,240,237,239,240,241,243,245,242,234,215,207,204,198,195,197,206,226,233,238,243,244,235,225,214,202,178,156,181,184,178,105,72,67,111,123,145,159,119,84,97,134,143,102,206,248,229,238,241,241,238,238,239,240,240,241,242,242,243,243,244,244,243,243,244,244,243,242,242,241,241,241,241,240,240,239,239,238,238,238,238,237,237,237,237,237,237,237,237,237,237,237,237,237,237,237,237,237,236,236,236,236,236,236,236,236,237,237,238,238,238
231,231,231,231,231,231,231,231,231,231,231,231,231,231,231,231,231,231,231,231,231,231,231,231,231,231,231,231,231,231,231,231,230,230,231,232,232,232,233,233,233,233,233,233,233,233,233,233,233,233,233,233,233,233,233,234,233,233,232,232,232,232,232,232,232,232,231,231,231,231,231,231,231,231,231,231,231,231,232,232,232,232,232,232,232,232,236,235,232,200,152,159,149,140,154,162,143,156,146,149,137,145,125,143,148,163,153,123,209,223,235,233,232,232,233,233,233,233,232,233,233,230,232,230,226,221,215,220,223,215,215,212,208,208,210,211,210,207,204,203,202,196,191,187,190,195,190,188,191,199,188,85,40,60,66,72,65,69,59,58,55,55,54,55,55,65,67,60,59,57,57,58,58,50,80,152,182,184,203,205,214,212,213,213,214,216,216,217,218,214,215,216,215,218,217,215,214,212,212,211,211,206,207,210,212,213,212,210,208,218,221,226,230,235,234,236,239,242,244,240,240,243,241,240,240,241,244,243,242,242,243,245,213,197,193,196,191,191,197,188,186,190,186,194,195,201,199,184,163,168,157,166,178,163,120,50,57,64,61,57,61,52,53,65,69,58,64,60,122,188,203,239,236,239,237,239,238,239,240,240,240,241,242,242,243,244,244,243,243,244,244,243,242,242,241,241,241,241,240,240,239,239,238,238,238,238,238,238,238,238,237,237,237,237,237,237,237,237,237,237,237,237,237,237,237,237,237,237,237,237,237,237,238,238,238,238
231,231,232,232,232,232,232,232,232,232,231,231,231,231,231,231,231,231,232,232,232,232,232,232,232,232,231,231,231,231,231,231,230,230,231,232,232,232,233,233,233,233,233,233,234,234,234,234,234,234,234,234,234,234,234,233,233,233,232,232,232,232,232,232,232,232,231,231,231,231,231,231,231,231,231,231,231,231,232,232,232,232,232,232,232,232,233,228,241,136,180,128,124,114,144,159,139,152,146,145,147,159,153,133,154,162,172,170,162,252,237,233,230,232,233,233,233,233,232,234,233,227,216,218,218,217,215,215,214,206,207,206,205,206,207,209,211,212,212,205,205,199,196,186,191,188,183,181,181,187,193,207,129,84,40,49,55,58,60,57,55,46,41,50,58,56,64,63,63,71,71,71,71,53,62,157,170,188,212,211,207,207,207,207,207,207,209,211,214,217,219,220,220,219,218,215,214,215,214,213,212,209,208,205,202,198,200,202,204,198,199,201,203,201,197,196,199,201,206,208,212,215,207,203,208,216,215,211,206,206,207,208,212,210,197,196,190,186,183,187,182,184,191,180,176,180,183,183,186,183,175,180,161,59,52,72,60,73,68,62,58,55,45,48,58,78,72,71,66,102,211,191,222,237,239,237,238,239,240,240,240,241,242,242,243,243,244,243,243,244,244,243,242,242,241,241,241,241,240,240,239,239,238,238,238,238,239,239,239,239,237,237,237,237,237,237,237,237,237,237,237,237,237,238,238,238,238,238,238,237,237,237,239,239,238,238
232,232,232,232,232,232,232,232,232,232,231,231,231,231,232,232,232,232,233,233,233,233,232,232,232,232,232,232,232,232,231,231,233,233,233,232,232,232,234,234,234,234,234,234,234,234,234,233,233,233,234,234,234,234,234,235,234,233,234,234,233,232,227,240,228,231,226,232,235,231,230,231,232,229,226,235,234,232,231,231,231,231,230,237,234,228,234,243,119,98,145,161,161,135,137,167,147,153,151,173,153,171,168,153,178,181,163,185,157,46,131,215,240,231,222,235,228,238,236,232,229,220,210,213,211,226,168,146,121,130,134,168,193,193,192,208,200,219,214,213,213,209,200,206,188,205,204,200,195,191,194,199,200,204,135,49,30,28,25,37,27,33,39,45,51,50,53,56,54,57,68,61,60,78,136,169,218,213,212,213,209,211,211,212,211,209,210,213,207,212,211,211,212,212,212,213,215,218,211,214,215,215,214,215,218,218,219,220,217,215,211,204,201,201,202,202,200,199,186,180,194,205,195,195,196,200,204,206,209,206,212,219,220,216,209,200,190,188,190,188,184,183,177,180,184,178,186,188,176,177,172,172,172,170,130,91,84,62,79,81,86,79,76,89,90,76,77,60,83,90,110,201,194,206,229,238,238,239,239,239,239,241,241,242,242,243,244,243,243,243,243,243,243,242,242,241,241,241,241,241,240,239,239,239,238,238,238,238,238,238,237,237,238,238,237,237,237,237,237,237,237,238,238,238,238,238,238,238,238,238,238,238,238,238,238,238
232,232,232,232,232,232,232,232,232,232,231,231,231,231,232,232,232,232,233,233,233,233,232,232,232,232,232,232,232,232,231,231,233,233,233,232,232,232,234,234,234,234,234,234,234,234,233,233,233,233,234,234,234,234,235,235,234,233,234,234,233,232,232,231,232,234,228,226,226,229,225,224,230,227,230,227,234,227,230,230,230,230,226,230,225,244,166,153,175,194,190,173,164,161,160,166,147,158,179,179,168,188,158,159,178,175,182,170,195,192,187,126,93,221,227,226,237,226,234,223,219,212,206,222,140,62,34,39,33,24,17,27,37,82,155,195,200,198,203,205,208,209,208,204,201,190,198,202,205,202,195,192,191,198,202,180,89,97,100,29,44,32,25,59,66,45,63,46,41,39,53,44,95,151,161,218,215,215,212,214,215,213,209,206,204,209,207,210,209,204,202,200,200,202,202,204,206,203,207,208,209,208,208,209,211,214,215,215,213,212,211,212,214,217,211,207,210,209,206,201,198,197,195,198,199,202,211,216,220,217,217,214,213,214,212,217,211,197,192,192,190,185,183,173,183,195,195,183,186,182,177,176,186,193,198,200,193,140,81,83,79,125,81,79,66,57,52,44,50,75,90,137,197,194,201,236,238,238,240,239,239,240,241,242,242,243,243,243,243,243,243,243,243,242,242,241,241,241,241,241,240,239,239,239,238,238,238,238,238,238,237,237,238,238,237,237,237,237,237,237,237,238,238,238,238,238,238,238,238,238,238,238,238,238,238,238
233,233,233,233,233,233,233,233,233,233,232,232,232,232,233,233,233,233,233,233,233,233,232,232,232,232,233,233,233,233,232,232,233,233,233,233,233,233,234,234,234,234,234,234,234,234,234,234,234,234,234,234,234,234,235,235,234,233,234,234,233,232,229,232,228,217,210,195,158,115,100,101,114,180,231,231,219,234,229,229,229,229,231,229,201,148,175,190,175,164,173,179,187,175,167,175,148,181,179,191,172,174,162,167,180,184,188,189,193,190,166,65,87,69,220,237,216,231,216,210,198,206,197,69,28,39,28,23,19,19,21,20,24,19,14,70,171,197,182,178,186,192,198,209,199,191,178,176,180,189,183,189,193,182,189,189,174,166,183,185,155,168,173,197,207,178,202,207,192,201,202,207,214,209,213,201,215,207,206,204,192,192,202,209,205,204,199,201,205,204,201,199,198,194,183,176,183,192,193,183,181,190,193,198,201,205,206,208,210,206,206,206,208,213,215,216,217,212,213,215,215,214,215,214,212,212,214,206,198,200,205,202,204,205,207,202,215,221,217,208,200,198,206,187,189,190,194,195,194,182,176,178,184,194,183,188,190,216,196,180,134,80,102,76,52,47,51,59,63,49,68,67,91,152,191,219,237,241,237,239,239,240,241,241,242,243,243,243,243,242,242,242,242,242,242,241,241,241,241,241,240,239,239,239,238,238,238,238,238,238,238,238,238,238,238,238,238,238,238,238,238,238,238,238,238,238,238,238,238,238,238,238,238,238,238,238
234,234,234,234,234,234,234,234,234,234,233,233,233,233,234,234,234,234,233,233,233,233,232,232,232,232,234,234,234,234,233,232,233,233,233,234,234,234,234,234,234,234,234,234,234,234,235,235,235,234,234,234,234,234,235,235,234,233,234,234,233,232,233,223,205,152,67,42,24,35,44,48,42,43,91,195,234,224,227,227,227,227,229,221,112,129,151,180,161,160,177,182,175,173,186,184,151,187,185,187,173,182,177,179,190,185,184,196,192,196,131,42,51,67,57,179,217,220,204,206,213,169,39,46,26,24,23,22,25,21,24,18,24,19,30,24,57,179,201,195,193,189,186,184,194,196,199,192,188,195,197,199,199,193,194,192,205,196,204,200,188,189,193,193,199,209,205,205,205,195,200,193,204,210,203,205,194,201,197,197,193,195,200,205,203,201,197,198,198,200,199,198,199,204,200,196,193,191,197,200,191,186,188,189,187,188,190,196,204,206,204,202,202,205,204,203,203,207,209,209,205,203,206,204,209,208,204,199,210,209,211,207,199,197,198,204,201,212,222,219,214,210,195,197,205,203,199,190,186,182,181,171,191,196,201,200,163,114,87,134,129,121,97,72,64,49,52,53,54,70,64,66,66,65,110,162,221,237,239,237,239,240,241,241,242,242,243,243,243,241,241,241,241,242,241,241,241,241,241,241,240,239,239,239,238,238,238,238,238,238,239,239,238,238,239,239,239,239,239,239,239,239,238,238,238,238,238,238,238,238,238,238,238,238,238,238
233,233,233,233,233,233,233,233,233,233,233,233,233,233,233,233,233,233,233,233,233,233,233,233,233,233,233,233,233,233,233,232,232,232,232,234,234,234,234,234,235,235,235,235,235,235,235,235,235,235,234,234,234,234,234,234,234,234,229,227,240,229,226,156,51,34,35,31,31,30,26,26,34,34,44,39,149,242,225,231,228,232,217,89,57,63,182,190,182,188,187,176,182,187,198,182,163,188,154,158,177,179,175,171,192,183,179,180,185,202,59,43,45,45,62,52,49,89,157,180,132,52,49,22,30,14,20,18,18,24,19,19,22,26,24,32,33,133,188,197,194,188,197,192,201,195,185,190,188,194,192,206,209,200,193,194,192,174,172,173,179,184,188,182,184,183,207,207,204,206,207,201,187,190,197,204,202,195,198,202,206,209,206,202,201,203,201,199,198,193,196,193,190,190,193,193,201,190,188,193,192,204,192,192,196,208,196,193,191,192,208,203,195,198,211,196,201,202,205,207,206,204,202,200,200,201,209,209,200,207,179,197,196,193,192,197,202,203,209,214,220,223,221,215,208,203,200,205,207,201,200,199,194,194,185,190,72,62,95,110,87,67,76,67,56,54,53,55,61,65,71,78,66,62,84,83,157,226,230,241,238,239,240,241,242,242,243,243,242,243,243,243,243,242,242,242,242,241,240,240,239,238,239,239,239,239,239,239,238,238,238,238,238,238,238,238,238,238,238,238,238,238,238,238,238,238,239,239,238,238,238,238,239,239,239,239
233,233,233,233,233,233,233,233,233,233,233,233,233,233,233,233,233,233,233,233,233,233,233,233,233,233,233,233,233,233,233,232,232,232,232,234,234,234,234,234,235,235,235,235,235,235,235,235,234,234,234,234,234,234,234,234,234,234,236,226,233,227,156,35,42,32,32,27,27,26,28,29,34,35,31,41,46,141,218,239,201,110,56,59,50,33,192,188,198,190,197,189,188,183,184,186,176,182,164,174,150,190,167,176,193,193,201,200,207,72,48,49,44,35,44,70,47,45,56,51,49,46,19,28,7,15,20,17,15,17,14,17,21,25,27,33,16,112,193,198,203,195,198,195,199,201,194,184,182,187,190,196,198,199,191,189,196,198,192,191,182,181,171,179,191,182,178,191,207,211,212,211,209,204,198,194,197,198,198,199,199,199,199,200,200,205,203,201,199,191,194,197,199,198,199,193,193,198,193,195,195,196,197,193,192,197,183,202,201,201,198,203,201,203,201,198,196,193,198,205,210,216,215,213,210,205,203,193,190,165,172,181,181,182,184,188,188,195,202,208,212,214,221,223,223,221,211,212,221,215,212,209,192,202,131,70,64,65,57,53,49,62,63,56,61,59,56,56,58,65,72,71,77,70,74,82,77,207,245,240,238,239,240,241,242,242,243,243,242,242,243,243,242,242,242,242,242,241,240,240,239,238,239,239,239,239,239,239,238,238,238,238,238,238,238,238,238,238,238,238,238,238,238,238,238,238,239,239,238,238,238,238,239,239,239,239
233,233,233,233,233,233,233,233,233,233,233,233,233,233,233,233,233,233,233,233,233,233,233,233,233,233,233,233,233,233,233,233,233,233,233,234,234,234,234,234,235,235,234,234,234,234,235,234,234,234,234,234,234,234,234,234,234,234,233,229,233,213,42,39,41,31,31,27,27,26,25,26,28,30,34,32,39,46,94,90,46,46,61,48,31,52,63,197,191,209,198,196,192,184,172,176,174,178,162,174,126,182,180,194,195,197,191,211,106,58,72,52,40,40,39,20,55,28,33,38,48,28,24,17,19,15,12,13,14,16,15,19,24,26,24,21,42,174,196,201,196,208,201,203,197,204,196,194,198,190,189,190,190,198,201,208,201,204,195,195,195,183,192,193,198,204,194,177,171,179,183,192,202,193,193,193,195,194,195,196,197,202,202,201,199,203,204,203,200,195,192,196,196,196,201,200,198,199,202,201,197,194,201,198,204,195,202,206,187,192,206,204,200,202,205,203,199,195,197,201,205,205,206,202,200,202,203,197,183,174,184,177,172,173,177,182,188,196,198,206,210,210,210,214,217,214,218,213,214,212,214,213,196,85,56,45,57,60,63,62,64,59,56,56,58,59,62,63,62,63,68,76,77,76,69,83,84,171,231,243,238,239,240,241,241,242,243,243,243,243,243,243,243,242,242,242,242,241,241,240,239,238,239,239,239,239,239,239,238,238,238,238,238,238,238,238,238,238,238,238,238,238,238,238,238,238,239,239,238,238,238,238,239,239,239,239
233,233,233,233,233,233,233,233,233,233,233,233,233,233,233,233,233,233,233,233,233,233,233,233,233,233,233,233,233,233,233,234,234,234,234,234,234,234,234,235,235,235,233,233,233,235,235,234,234,234,234,234,234,234,234,234,234,234,232,231,229,196,39,45,40,39,29,24,24,23,21,24,22,26,25,34,28,23,51,64,46,45,47,18,48,61,43,167,213,199,203,203,197,193,188,182,176,179,168,169,154,175,174,186,187,193,204,198,42,59,75,75,46,42,6,23,18,28,35,48,20,31,24,21,16,108,12,13,15,15,17,21,24,22,19,23,153,204,204,204,202,191,146,193,204,210,207,200,190,191,197,199,197,198,197,195,199,197,199,191,192,180,188,193,201,196,195,195,187,176,175,174,172,182,186,192,195,199,199,198,197,194,197,198,195,196,200,203,201,200,192,196,197,201,204,199,190,200,195,174,174,197,202,200,189,186,196,200,207,197,206,204,199,193,194,206,201,202,200,199,201,202,204,200,195,199,200,201,196,191,161,170,170,166,167,176,189,189,194,205,208,212,204,206,209,211,210,209,211,211,214,213,188,99,51,65,61,57,55,53,51,55,61,58,56,60,63,64,66,65,66,71,77,82,74,72,85,133,207,231,238,238,240,241,241,241,242,243,243,243,244,244,244,242,242,242,242,241,241,240,239,238,239,239,239,239,239,239,238,238,238,238,238,238,238,238,238,238,238,238,238,238,238,238,238,238,239,239,238,238,238,238,239,239,239,239
234,234,234,234,234,234,234,234,234,234,233,233,233,233,233,233,233,233,233,233,233,233,232,232,233,234,233,233,233,233,233,234,234,234,234,234,234,234,234,234,234,234,234,234,234,234,234,234,234,234,234,234,234,234,234,234,234,234,235,233,232,195,57,33,44,31,32,26,20,20,25,18,17,39,22,27,22,24,35,36,57,29,15,26,34,57,38,113,208,196,201,190,197,193,194,195,186,178,173,171,173,171,186,190,196,193,195,125,48,51,55,93,82,32,20,5,23,19,32,25,18,23,24,20,28,22,7,12,17,17,21,18,23,17,16,43,156,203,197,200,194,198,201,195,199,204,209,204,198,186,180,183,181,190,198,201,196,204,204,186,207,205,206,199,200,204,202,194,194,191,195,195,188,178,170,169,188,188,179,188,191,194,198,205,193,194,197,199,200,203,199,196,199,202,200,195,197,192,196,199,195,187,200,176,195,184,198,196,198,193,202,203,199,195,137,214,207,200,200,207,203,203,212,211,200,200,200,201,196,193,172,173,178,177,177,181,190,191,195,193,200,211,211,206,205,212,210,212,206,204,197,202,88,38,59,51,54,54,54,54,54,58,60,60,58,59,60,60,60,61,62,62,66,74,81,71,78,118,181,235,240,240,240,240,240,241,242,242,242,242,242,244,244,242,242,242,242,241,241,239,239,239,239,239,239,239,239,239,238,238,238,238,238,238,239,239,239,239,239,239,239,239,239,239,239,239,239,239,238,238,238,238,239,239,239,239
234,234,234,234,234,234,234,234,234,234,233,233,233,233,233,233,233,233,233,233,233,233,232,232,233,234,233,233,233,233,233,234,234,234,234,234,234,234,234,234,234,234,234,234,234,234,234,234,234,234,234,234,234,234,234,234,234,234,230,231,232,228,172,35,34,42,37,31,24,21,23,25,29,34,27,23,25,25,19,26,33,25,22,14,37,52,80,57,154,220,204,199,184,182,185,185,180,180,170,167,173,179,180,187,193,203,201,27,54,56,64,72,99,63,16,2,13,22,19,19,20,22,32,15,30,18,12,11,12,13,14,18,13,15,17,111,202,194,191,197,197,200,195,197,199,197,201,210,200,194,204,179,189,198,191,198,195,190,194,172,194,191,194,200,198,185,209,184,199,203,200,197,196,195,197,187,174,159,166,178,186,191,192,192,197,197,199,200,199,199,199,199,198,198,202,193,199,193,189,201,198,200,192,197,198,187,185,198,196,200,205,204,203,199,73,143,199,205,196,196,200,200,207,212,217,214,209,204,200,193,175,181,188,185,183,183,194,185,184,185,184,193,211,207,204,206,211,208,209,211,161,81,50,47,49,49,51,51,51,51,51,53,55,55,54,54,55,56,56,57,58,58,64,64,77,76,78,114,166,223,240,240,240,240,240,241,242,242,242,242,242,244,244,242,242,242,242,241,241,239,239,239,239,239,239,239,239,239,238,238,238,238,238,238,239,239,239,239,239,239,239,239,239,239,239,239,239,239,238,238,238,238,239,239,239,239
234,234,234,234,234,234,234,234,234,234,233,233,233,233,233,233,233,233,233,233,233,233,232,232,233,233,233,233,233,233,233,234,234,234,234,234,234,234,234,234,234,234,234,234,234,234,234,234,234,234,234,234,234,234,234,234,234,234,232,235,229,228,218,87,40,23,36,31,24,19,19,21,72,50,31,20,27,25,16,25,18,26,9,12,28,74,86,70,55,187,207,196,190,188,189,187,180,180,176,170,175,185,189,192,194,199,43,49,43,51,50,63,75,79,17,4,15,18,23,16,17,21,26,25,31,15,12,12,14,19,15,11,14,14,43,157,178,190,191,190,187,192,198,196,193,194,186,193,209,203,190,204,186,192,199,199,199,192,193,165,177,195,190,199,207,204,205,214,211,202,204,202,195,186,196,197,190,190,191,186,185,187,200,199,195,197,198,198,197,195,199,201,197,202,169,172,137,114,110,174,195,193,202,191,186,160,208,192,203,202,202,199,201,205,102,104,192,202,201,197,198,199,202,210,213,212,210,208,205,206,198,195,192,193,194,194,186,189,190,180,184,188,199,212,208,206,206,211,204,211,170,45,48,47,44,49,47,47,47,47,48,48,48,49,49,49,50,51,52,52,53,54,60,55,68,77,78,95,174,216,240,240,240,240,240,241,242,242,243,243,243,244,244,243,242,242,242,241,241,239,239,239,239,239,239,239,239,239,238,238,239,239,239,238,238,239,239,239,239,239,239,239,239,239,239,239,239,239,238,238,238,238,239,239,239,239
234,234,234,234,234,234,234,234,234,234,233,233,233,233,233,233,233,233,233,233,233,233,232,232,233,233,233,233,233,233,233,234,234,234,234,234,234,234,234,234,234,234,234,234,234,234,234,234,234,234,234,234,234,234,234,234,234,234,231,234,235,235,213,169,35,45,36,34,29,24,16,19,44,86,30,23,25,23,21,23,16,19,19,6,51,108,81,59,55,65,195,202,199,191,190,192,186,182,173,172,183,196,192,187,194,175,48,40,47,37,43,54,54,68,41,3,18,11,16,10,17,19,21,30,45,23,11,13,17,18,20,13,11,30,125,183,195,190,188,190,187,192,191,192,199,201,192,177,189,202,206,197,202,205,204,204,207,194,197,189,197,192,193,195,203,208,212,202,210,203,203,201,194,190,195,196,197,187,193,204,199,184,183,190,196,192,194,196,196,194,197,199,198,200,100,74,101,200,95,44,98,156,161,186,129,120,181,193,200,199,202,199,198,199,72,61,181,192,198,197,199,201,199,204,213,213,212,212,206,208,203,196,197,199,200,198,193,190,172,170,183,184,187,204,208,210,208,210,216,203,215,103,52,43,48,46,46,46,46,46,48,46,45,47,46,47,47,48,50,50,51,52,54,58,60,70,72,74,166,199,240,240,240,240,240,241,242,242,243,244,244,244,244,244,242,242,242,241,241,239,239,239,239,239,239,239,239,239,238,238,240,240,240,238,238,239,239,239,239,239,239,239,239,239,239,239,239,239,238,238,238,238,239,239,239,239
234,234,234,235,235,235,234,234,234,234,234,234,234,234,234,234,234,234,234,234,234,234,234,234,234,234,234,234,234,234,234,234,234,234,234,234,234,234,234,234,234,234,234,234,234,234,234,234,234,234,234,234,234,234,234,234,234,234,234,234,233,232,235,216,106,27,26,27,30,25,25,18,21,37,21,19,24,23,24,22,17,20,18,15,94,71,54,50,48,41,62,204,194,198,191,189,189,183,182,179,192,196,187,197,195,108,45,40,37,39,41,42,46,53,55,12,15,6,5,17,17,16,22,21,69,35,13,19,18,17,10,18,13,103,174,183,186,184,190,192,186,183,181,159,175,178,190,182,177,187,199,207,198,195,191,202,205,205,200,202,206,191,194,183,202,208,208,204,206,209,204,203,200,174,176,201,200,199,197,199,200,197,188,175,174,181,192,197,195,198,197,197,199,201,197,181,118,128,70,47,50,56,44,52,67,85,124,206,199,202,203,201,196,194,84,59,94,200,200,189,200,200,199,200,203,200,205,211,213,211,208,205,206,198,204,204,200,175,186,190,189,196,193,196,200,205,214,212,212,208,211,192,47,52,43,57,50,46,45,44,46,45,44,45,47,47,47,47,48,50,52,53,54,58,58,66,66,71,103,192,242,239,241,242,242,242,243,243,244,244,245,245,245,244,244,243,243,242,242,240,240,240,240,240,240,240,240,239,238,238,239,239,239,239,239,239,239,239,240,240,239,238,239,239,239,239,239,239,239,239,239,239,240,240,240,240
234,234,234,235,235,235,234,234,234,234,234,234,234,234,234,234,234,234,234,234,234,234,234,234,234,234,234,234,234,234,234,234,234,234,234,234,234,234,234,234,234,234,234,234,234,234,234,234,234,234,234,234,234,234,234,234,234,234,234,234,233,233,226,234,200,76,29,34,22,28,22,20,17,13,21,19,23,19,24,20,12,19,8,34,69,53,51,48,46,40,31,153,202,182,195,192,190,183,186,183,191,194,196,191,199,95,43,39,37,38,35,36,39,43,49,27,10,13,11,8,19,14,43,30,76,8,16,10,11,12,22,16,87,173,182,183,187,191,186,185,179,177,177,166,169,176,187,182,181,179,183,199,198,196,198,187,195,207,207,206,203,208,204,189,200,203,202,202,203,202,202,207,207,195,194,208,208,210,201,198,198,196,187,173,171,183,190,192,192,196,198,199,199,199,171,87,43,38,48,47,51,50,57,54,48,39,181,194,208,201,202,201,197,198,92,55,63,199,199,203,197,197,200,203,196,196,192,204,213,214,215,214,212,204,203,199,195,175,183,194,189,193,198,198,200,201,208,207,202,215,202,213,195,43,53,40,45,47,48,48,46,45,44,45,47,47,47,47,49,50,51,50,54,56,57,63,72,71,79,187,239,240,241,242,242,242,243,243,244,244,245,245,245,244,244,243,243,242,242,240,240,240,240,240,240,240,240,239,238,238,239,239,239,239,239,239,239,239,240,240,239,238,239,239,239,239,239,239,239,239,239,239,240,240,240,240
235,235,235,235,235,235,235,235,235,235,234,234,234,234,234,234,234,234,234,234,234,234,234,234,234,234,234,234,234,234,234,234,234,234,234,234,234,234,234,234,234,234,234,234,234,234,234,234,234,234,234,234,234,234,234,234,234,234,235,235,234,233,238,233,234,178,48,19,31,23,23,22,20,18,18,18,22,16,24,22,9,17,10,42,54,48,47,43,42,40,37,150,199,192,188,188,191,188,190,189,191,191,190,192,191,64,39,37,35,35,32,33,33,32,25,34,29,31,10,17,14,20,55,69,29,8,10,13,19,13,15,101,168,189,192,187,189,200,197,184,184,184,189,181,180,185,194,190,181,185,180,194,202,202,197,199,198,205,207,212,211,203,205,203,197,200,197,200,199,205,197,198,207,199,201,204,205,208,208,210,205,198,185,171,178,186,191,192,194,196,198,199,199,200,132,39,52,49,49,45,47,53,51,61,61,168,193,202,201,203,205,204,201,188,84,43,53,166,205,201,194,201,202,204,196,204,195,192,203,208,214,215,213,211,209,204,194,187,190,189,197,201,202,204,204,204,206,206,209,201,217,207,206,138,43,45,44,49,45,48,46,45,44,45,46,46,47,48,50,51,51,49,54,54,59,62,71,69,67,181,235,241,240,241,242,242,243,243,244,244,244,245,245,244,244,243,243,242,242,240,240,240,240,240,240,240,240,239,239,239,239,239,239,239,239,239,239,239,240,240,239,238,239,239,239,239,239,239,239,239,239,239,240,240,240,240
236,236,236,236,235,235,236,236,236,236,234,234,234,234,234,234,234,234,234,234,234,234,234,234,234,234,234,234,234,234,234,234,234,234,234,234,234,234,234,234,234,234,234,234,234,234,234,234,234,234,234,234,234,234,234,234,234,234,236,235,235,234,230,232,232,221,184,76,24,28,28,27,22,18,13,15,21,15,23,26,12,17,18,47,46,47,44,39,39,39,32,149,197,202,190,191,196,194,191,192,191,192,196,190,189,37,36,36,34,32,30,31,28,24,24,26,62,49,20,55,54,43,58,75,0,23,18,12,12,41,131,178,177,177,186,179,179,182,189,187,190,189,184,168,171,175,175,185,179,176,174,182,197,202,202,201,198,199,203,209,213,216,212,214,206,211,205,209,204,202,197,201,206,195,206,206,208,197,195,199,202,198,192,180,176,185,195,200,201,200,196,195,200,173,87,55,57,47,50,50,46,47,50,62,60,146,143,212,209,201,203,203,200,197,94,42,55,101,194,198,203,206,201,203,203,205,202,196,193,201,208,209,207,209,206,200,193,183,192,191,190,195,196,202,205,204,202,203,201,206,197,205,207,148,41,42,43,49,45,60,46,45,44,45,45,46,47,49,50,52,53,53,53,53,63,67,64,65,76,159,231,242,240,240,242,242,243,243,243,244,244,245,245,244,244,243,242,242,242,240,240,240,240,240,240,240,240,239,240,240,239,239,239,239,239,239,239,239,240,240,239,239,239,239,239,239,239,239,239,239,239,239,240,240,240,240
235,235,235,235,235,235,235,235,235,235,235,235,235,235,235,235,235,235,235,235,235,234,234,233,233,233,233,233,233,233,233,234,234,235,235,234,234,234,234,234,234,234,233,233,233,233,234,234,234,234,235,235,235,235,235,235,235,235,234,234,235,236,236,236,235,234,231,183,71,21,25,25,22,17,12,15,10,24,50,48,7,52,29,60,40,38,40,39,38,39,39,94,207,204,195,194,202,197,194,197,205,197,199,193,189,77,32,32,34,30,24,24,30,13,38,44,144,42,74,108,123,44,86,44,46,36,30,67,100,152,168,180,180,181,183,184,171,180,198,198,192,183,192,169,178,177,187,181,179,182,172,172,188,193,198,208,202,198,194,205,207,209,207,213,215,207,214,214,214,209,203,201,207,210,216,211,213,209,208,207,207,200,202,205,195,178,182,166,139,184,203,201,195,119,42,53,52,52,48,46,50,49,54,63,72,203,151,207,197,203,202,201,202,202,110,43,38,52,65,108,214,204,201,201,206,203,202,206,199,199,201,205,207,209,209,202,195,190,194,202,198,193,197,202,202,204,203,198,199,198,199,203,199,209,51,49,49,44,56,43,45,45,45,45,47,48,50,51,52,53,53,54,53,60,63,67,64,64,61,113,225,242,241,240,242,242,242,242,243,244,244,245,245,245,244,243,243,243,243,242,242,242,242,240,240,239,239,239,239,240,240,240,239,240,240,240,240,239,239,239,239,240,240,240,240,240,240,240,240,240,240,240,240,240,240,240
235,235,235,235,235,235,235,235,235,235,235,235,235,235,235,235,235,235,235,235,235,234,234,233,233,233,233,233,233,233,233,234,234,235,235,234,234,234,234,234,234,234,233,233,233,233,234,234,234,234,235,235,235,235,235,235,235,235,235,235,236,236,236,235,235,234,230,232,197,101,35,20,18,17,11,15,48,125,137,147,114,136,137,35,33,44,38,37,37,38,32,48,217,199,196,191,195,197,200,198,202,194,192,195,200,81,36,32,32,25,25,23,19,24,34,24,121,28,58,188,161,113,163,163,170,181,170,179,187,183,180,175,185,173,178,177,169,173,190,197,201,194,190,174,164,182,189,179,172,184,179,177,185,193,201,204,211,207,207,205,199,200,204,206,211,214,212,213,211,214,210,206,208,207,213,211,206,206,208,208,204,201,206,202,206,152,84,62,52,62,176,200,192,67,49,48,51,49,51,52,50,48,57,55,120,208,211,212,202,205,203,201,201,198,151,41,48,45,45,42,143,205,205,203,203,200,197,199,199,198,197,198,205,208,208,204,201,200,201,197,204,199,200,194,200,206,205,201,198,196,194,195,207,212,131,41,40,50,46,48,45,45,45,45,47,48,49,50,51,51,52,53,54,60,63,66,68,67,81,86,220,238,240,241,242,242,242,242,243,244,244,244,245,245,244,244,243,243,243,242,242,242,242,240,240,239,239,239,239,240,240,239,239,240,240,240,240,239,239,239,239,240,240,240,240,240,240,240,240,240,240,240,240,240,240,240
235,235,235,235,235,235,235,235,235,235,235,235,235,235,235,235,235,235,235,235,234,234,234,234,234,234,234,234,234,234,234,234,234,235,235,234,234,234,234,234,234,234,234,234,234,234,234,234,234,234,235,235,235,235,235,235,235,235,235,235,235,234,233,233,232,231,231,228,231,218,176,121,94,104,120,161,189,186,202,177,207,160,144,47,28,28,35,35,35,37,29,14,207,194,194,191,190,192,200,182,195,200,198,190,201,60,38,28,27,16,16,17,38,22,38,35,56,31,23,176,197,197,179,186,174,193,184,184,184,188,169,164,163,165,170,178,181,177,186,192,193,198,192,199,184,174,173,171,188,197,196,195,193,196,200,202,204,209,209,208,204,196,191,203,207,206,202,204,209,208,209,210,211,212,193,179,169,175,183,196,206,214,206,213,159,75,44,37,52,58,95,108,108,95,45,49,57,53,50,49,52,55,48,55,69,179,216,212,219,208,205,202,200,194,168,41,52,47,48,51,96,202,207,203,204,200,198,197,198,196,193,192,192,200,203,207,208,203,203,203,194,195,196,198,196,199,207,206,203,201,197,193,192,193,210,75,54,46,43,52,45,45,45,45,47,47,48,48,48,49,51,53,55,61,63,66,66,70,105,95,229,243,240,241,242,242,242,242,243,244,244,244,245,245,244,244,243,243,243,242,242,242,242,241,241,240,240,240,240,240,240,239,239,240,240,240,240,239,239,239,239,240,240,240,240,240,240,240,240,240,240,240,240,240,240,240
235,235,235,235,235,235,235,235,235,235,235,235,235,235,235,235,235,235,235,235,234,234,234,235,235,235,235,235,235,235,234,234,234,235,234,234,234,234,234,234,234,234,235,235,235,235,234,234,234,234,235,235,235,235,235,235,235,235,233,232,232,231,229,229,228,227,228,224,219,224,222,216,217,220,221,222,223,232,237,217,201,230,165,38,34,24,27,26,28,30,36,32,169,194,190,195,191,182,189,187,173,200,193,198,188,109,34,21,21,8,4,13,103,9,3,43,85,27,25,184,179,182,185,179,176,189,187,180,185,181,185,181,162,162,171,178,179,174,175,178,175,184,187,181,189,177,168,170,193,197,202,200,188,190,195,203,198,199,199,198,203,201,202,199,204,197,195,178,179,183,191,200,205,186,172,183,192,181,175,177,193,203,206,177,114,54,38,45,43,51,77,47,51,56,55,46,49,51,49,48,50,57,53,60,59,53,151,173,217,210,207,202,200,201,133,51,49,55,47,57,62,200,209,202,205,199,199,198,197,194,192,191,194,203,202,206,209,206,207,204,203,203,196,195,200,200,207,210,207,206,202,196,189,197,195,195,45,41,50,35,45,45,45,45,47,47,47,47,46,47,50,52,56,61,63,65,67,68,88,115,230,243,239,241,242,242,242,242,243,244,244,244,245,245,244,244,243,242,243,242,242,242,242,242,242,241,241,241,240,240,240,239,239,240,240,240,240,239,239,239,239,240,240,240,240,240,240,240,240,240,240,240,240,240,240,240
236,236,236,236,236,236,236,236,236,236,236,236,236,236,236,236,236,235,235,235,235,235,235,235,235,235,235,235,235,235,235,235,235,235,235,235,235,235,235,235,235,235,235,235,235,235,234,235,235,233,235,233,231,231,232,233,233,231,231,230,229,228,225,222,223,221,221,217,218,217,216,216,216,216,214,217,222,227,234,232,231,233,166,103,10,20,16,22,20,22,29,34,140,191,192,199,197,187,173,176,184,194,201,176,188,107,36,15,15,4,4,45,79,24,38,25,68,23,20,165,186,183,181,178,173,182,197,177,187,178,153,163,167,156,166,177,179,172,173,169,177,172,180,194,191,179,171,179,193,202,199,196,185,178,189,200,192,186,183,181,186,201,198,204,197,201,192,175,162,161,162,164,168,173,188,196,198,197,197,195,176,190,189,73,40,33,33,47,52,50,52,53,53,50,50,49,48,51,51,50,48,47,49,52,57,61,61,61,125,208,206,189,198,190,106,49,44,50,56,53,64,187,199,198,203,200,202,198,194,198,192,191,201,205,201,204,208,203,208,207,201,192,203,200,200,197,206,209,212,207,202,201,202,196,194,200,208,71,43,34,42,42,42,42,44,45,45,46,47,47,49,52,55,57,61,64,72,61,63,145,214,243,240,237,242,242,243,243,243,244,244,245,245,245,244,244,244,244,243,242,242,242,242,241,241,241,241,241,241,241,240,239,239,241,241,240,240,240,239,239,239,239,239,239,239,241,241,241,241,241,241,241,240,240,240,240
236,236,236,236,236,236,236,236,236,236,236,236,236,236,236,236,236,235,235,235,235,235,235,235,235,235,235,235,235,235,235,235,235,235,235,235,235,235,235,235,235,235,235,235,235,235,235,236,235,233,231,229,227,227,228,228,228,226,226,225,223,222,221,218,218,216,213,207,206,204,204,199,194,195,197,204,213,218,224,225,225,222,222,96,34,40,41,10,12,24,30,21,144,187,196,203,204,202,193,193,194,194,186,178,176,54,30,16,9,7,18,51,75,26,30,25,103,20,10,103,194,178,169,174,182,187,191,187,177,178,174,168,168,167,167,173,175,185,182,174,170,174,181,194,192,191,171,178,192,197,191,190,184,167,185,197,189,178,164,151,172,183,202,205,202,197,197,186,184,192,191,188,182,186,196,201,201,206,203,203,188,152,160,50,25,32,43,43,45,52,53,53,52,52,51,50,50,49,50,51,51,53,52,53,56,60,61,59,57,107,142,142,212,196,70,52,51,51,50,49,50,87,199,191,197,204,198,195,191,197,198,195,196,208,213,210,203,209,205,210,207,198,205,200,198,202,203,207,211,209,205,203,201,200,199,200,215,114,45,41,42,42,42,42,43,44,44,45,42,44,48,53,54,57,61,64,65,68,61,183,207,242,241,238,242,242,243,243,243,244,244,245,245,245,244,244,244,243,243,243,242,242,242,241,241,241,241,241,241,240,240,239,239,241,241,240,240,240,239,239,239,239,239,239,239,241,241,241,241,241,241,241,240,240,240,240
236,236,236,236,236,236,236,236,236,236,236,236,236,236,236,236,235,235,235,235,235,235,235,235,235,235,235,235,235,235,235,235,235,235,235,235,235,235,235,235,235,235,235,235,235,235,235,235,234,231,230,227,224,223,223,224,224,222,221,220,217,215,214,209,207,202,200,190,181,175,169,162,157,158,169,181,199,212,216,220,222,218,217,81,29,31,94,21,10,19,18,28,111,179,190,198,202,205,202,203,202,197,185,186,189,34,19,13,5,13,29,30,56,30,24,32,96,13,20,33,187,190,166,161,176,189,190,187,179,169,152,155,153,154,177,179,180,187,188,189,189,196,195,192,184,168,184,176,191,188,189,184,181,161,180,191,193,167,157,163,190,182,173,185,198,189,201,197,187,193,197,200,198,196,199,202,200,200,197,192,146,89,59,48,45,38,37,45,47,53,54,54,53,51,50,49,49,49,51,52,52,53,51,50,50,53,53,52,63,64,63,176,200,188,54,52,55,50,49,52,52,46,142,209,193,200,195,199,192,198,204,202,192,194,200,205,200,196,200,205,208,202,203,197,198,204,202,205,210,211,208,205,200,201,201,198,194,209,38,51,42,42,42,42,42,42,43,43,45,44,45,47,54,56,60,63,66,67,62,202,193,240,242,238,242,242,243,243,243,244,244,245,245,245,244,244,244,243,243,243,242,242,242,241,241,241,241,241,241,241,241,240,240,241,241,240,240,239,239,240,240,240,240,240,240,241,241,241,241,241,241,241,240,240,240,240
236,236,236,236,236,236,236,236,236,236,236,236,236,236,236,236,235,235,235,235,235,235,235,235,235,235,235,235,235,235,235,235,235,235,235,235,235,235,235,235,235,235,235,235,235,235,233,233,231,228,224,221,217,215,215,216,215,214,212,211,207,204,202,194,187,179,167,156,149,146,149,148,148,149,154,161,177,195,204,206,209,212,219,75,54,51,74,26,27,18,17,31,51,197,189,200,204,203,201,206,205,196,195,190,156,26,12,7,8,18,14,20,27,25,27,30,62,18,28,25,181,189,174,157,172,184,190,187,185,177,169,169,147,163,177,179,178,184,186,185,190,185,191,193,187,182,180,188,195,192,194,180,178,169,180,185,189,176,153,177,183,196,182,179,194,201,200,202,191,201,201,201,201,199,197,201,198,197,198,97,77,146,54,47,36,45,38,39,46,50,53,55,56,54,54,53,52,52,53,53,51,52,51,50,51,54,57,59,55,55,49,67,109,82,50,51,55,48,50,46,51,54,111,208,201,200,193,197,197,196,203,203,205,197,200,207,205,200,200,205,208,205,204,199,200,198,202,202,209,210,208,204,198,196,195,193,201,199,149,33,42,42,42,42,40,41,41,42,43,42,43,45,53,55,59,63,65,68,61,217,182,238,243,238,242,242,243,243,243,244,244,245,245,245,245,244,244,243,243,243,242,242,242,241,241,241,241,241,241,241,241,241,241,242,242,240,240,239,239,241,241,241,241,241,241,241,241,241,241,241,241,241,240,240,240,240
236,236,236,236,236,236,236,236,236,236,236,236,236,236,236,236,235,235,235,235,235,235,235,234,234,234,234,235,235,235,235,235,235,235,235,235,235,235,235,236,236,234,234,233,232,231,232,230,226,223,223,218,212,208,205,206,206,205,200,197,190,182,171,166,158,151,142,141,140,139,144,144,146,149,154,153,159,172,187,190,195,197,203,101,51,51,48,31,18,16,12,16,59,190,190,201,208,203,200,201,204,199,182,201,75,32,16,9,21,13,8,12,15,21,22,16,48,20,30,5,191,175,175,151,174,174,193,190,181,170,168,166,159,170,177,173,185,186,192,188,188,189,186,187,181,184,192,183,191,193,193,183,180,178,181,190,187,186,160,177,186,187,187,167,172,181,199,186,192,190,197,201,203,197,194,199,193,206,147,54,48,93,48,52,52,50,50,46,37,47,49,52,55,59,58,55,51,54,54,53,51,53,50,49,52,51,53,55,56,58,55,53,55,55,57,55,51,51,47,44,47,55,107,204,213,202,202,197,198,201,201,205,201,203,204,204,205,201,199,201,209,201,207,200,201,202,199,201,205,210,206,206,201,197,193,190,190,193,207,99,43,40,44,38,41,39,38,39,38,40,43,45,51,56,57,61,65,76,57,204,177,240,239,239,242,242,243,243,243,244,244,245,244,244,244,244,243,242,242,242,243,243,242,240,240,240,241,241,240,240,240,241,241,241,241,240,240,240,240,241,241,241,241,241,241,242,242,242,242,242,241,240,239,239,239,239
236,236,236,236,236,236,236,236,236,236,236,236,236,236,236,235,235,235,235,235,235,235,235,234,234,234,234,235,235,235,235,235,235,235,235,235,235,235,236,236,236,234,233,232,230,229,227,226,222,217,213,210,203,194,187,188,189,188,186,176,162,152,144,143,141,139,139,139,139,140,142,143,145,148,153,152,152,154,162,164,166,167,175,140,29,25,39,27,22,23,24,23,83,204,193,199,205,205,207,205,205,202,196,190,55,35,29,23,22,22,21,12,12,15,17,22,69,27,15,15,146,191,178,152,166,176,193,194,188,175,166,167,166,173,175,178,163,170,174,178,186,181,189,184,181,186,181,188,188,183,180,192,181,187,190,184,187,179,185,172,191,193,195,194,178,166,174,185,176,182,197,197,202,199,197,200,197,194,192,54,47,47,55,59,52,52,52,49,43,38,45,50,46,47,50,53,54,53,54,55,54,53,51,49,51,53,54,54,54,58,56,55,56,51,51,53,56,53,49,45,45,50,53,189,197,205,195,200,197,199,199,202,204,202,202,204,203,205,202,191,204,199,204,203,200,202,199,201,200,204,209,205,205,203,198,193,189,193,192,141,38,44,37,42,40,38,37,37,39,41,44,47,49,54,56,60,60,63,56,205,175,240,240,239,242,242,243,243,243,244,245,245,244,244,244,243,243,242,242,242,243,242,241,241,240,240,241,241,240,240,240,241,241,241,240,240,240,240,240,241,241,241,241,241,241,242,242,242,242,242,241,240,239,239,239,239
237,237,237,237,237,237,236,236,236,236,236,236,236,236,236,236,236,236,236,236,236,236,236,235,235,235,235,235,235,235,235,235,235,235,235,235,235,235,235,235,234,231,229,228,225,223,221,221,217,210,202,196,180,162,159,161,162,162,159,150,140,136,139,138,137,135,136,137,138,139,140,140,142,145,148,150,151,149,151,152,152,150,151,153,16,20,30,25,28,31,37,39,54,204,195,199,204,208,208,205,203,197,187,191,39,42,26,29,24,21,27,12,13,15,18,8,129,37,28,17,196,179,175,153,152,169,184,189,187,176,166,167,172,174,181,178,169,172,181,183,177,162,174,180,183,183,181,179,177,174,180,180,189,184,183,184,192,194,182,176,185,184,199,197,195,186,176,171,175,172,199,201,198,197,196,195,197,192,102,49,49,55,52,50,54,55,55,53,51,47,46,46,47,47,49,51,51,56,56,54,51,53,52,50,50,52,52,51,51,57,57,56,55,54,51,50,51,53,51,47,44,49,48,84,151,189,204,195,201,202,200,203,206,202,200,204,201,201,203,204,193,203,188,209,198,201,199,199,198,201,205,207,208,208,204,200,200,196,187,154,32,40,40,40,37,36,34,35,39,41,44,46,47,52,54,58,58,55,57,206,173,240,241,239,242,242,243,243,243,244,245,245,244,244,244,243,243,242,242,242,242,241,241,240,240,240,240,240,240,240,240,241,241,241,241,241,241,241,241,241,241,242,242,242,242,242,242,242,242,242,241,240,239,239,239,239
238,238,238,238,238,238,236,236,236,236,236,236,236,236,237,237,237,237,237,237,237,237,237,236,236,236,235,235,235,235,235,235,235,235,235,235,235,235,232,232,230,227,224,222,218,216,212,213,209,200,193,182,163,145,140,142,144,144,140,140,139,139,136,136,136,135,137,137,136,136,138,138,140,143,147,147,149,151,151,151,151,150,150,155,29,18,28,27,31,32,34,40,52,204,194,199,206,208,206,206,204,191,182,197,92,30,29,26,25,25,25,19,14,13,33,15,198,39,13,18,168,180,171,160,148,159,178,181,180,175,169,166,172,172,171,163,164,176,176,176,178,173,178,182,177,177,177,173,165,158,167,175,185,185,176,184,187,196,181,175,177,180,186,195,199,195,196,193,183,186,197,200,202,197,198,193,200,169,48,50,45,48,52,53,57,55,54,55,56,55,53,51,52,53,53,53,50,47,50,53,55,50,51,52,51,45,46,47,48,53,55,55,52,53,52,50,47,51,50,49,47,42,51,43,52,116,185,193,195,200,200,202,204,204,203,202,204,200,198,201,204,207,192,198,197,201,200,198,204,204,205,206,206,208,209,205,199,201,199,189,68,34,44,33,35,34,32,33,36,38,41,44,45,50,52,55,63,61,59,207,171,240,243,240,242,242,243,243,243,244,245,245,245,244,244,243,243,242,242,242,241,241,240,239,239,239,239,239,240,240,240,241,241,242,242,242,242,242,242,241,241,243,243,243,243,242,242,242,242,242,241,240,239,239,239,239
237,237,237,237,237,237,237,237,237,237,237,237,237,237,236,236,236,236,236,236,236,236,236,236,236,235,237,235,234,234,235,235,235,235,233,233,232,232,232,229,225,223,222,219,213,206,201,203,198,186,174,160,143,134,135,136,136,137,138,138,138,138,137,138,138,139,137,137,136,135,136,137,138,140,144,145,146,148,151,151,152,153,156,161,31,21,36,25,34,33,25,47,40,214,196,195,208,206,203,210,204,190,185,201,118,28,32,26,26,23,27,25,13,19,39,4,209,27,6,123,179,184,163,159,153,162,174,180,173,169,161,161,169,170,174,161,159,156,174,183,184,186,175,175,182,169,168,161,167,153,171,189,185,192,179,181,191,196,194,180,188,194,190,190,202,199,200,198,196,187,203,193,198,195,200,197,190,66,48,49,46,51,51,52,53,57,58,58,56,57,54,58,56,55,54,53,54,52,51,50,52,53,52,50,47,49,44,49,51,48,54,52,52,57,56,52,47,49,47,45,44,45,49,51,48,41,62,140,193,199,199,199,202,204,206,204,205,201,198,201,206,205,201,201,193,197,197,199,204,205,205,206,206,208,208,208,204,201,199,203,140,45,30,29,36,34,32,32,33,37,41,42,44,48,49,52,59,62,63,205,172,236,243,240,243,243,244,244,244,244,245,245,245,244,244,244,243,243,242,241,240,240,240,240,240,240,240,240,241,241,241,241,241,241,241,241,241,241,241,242,242,241,241,241,241,242,242,242,241,241,241,241,240,240,240,240
237,237,237,237,237,237,237,237,237,237,237,237,237,237,236,236,236,236,236,236,236,236,236,236,235,235,237,235,234,234,235,235,234,233,229,229,228,227,224,223,219,217,210,209,203,193,186,182,172,162,151,143,133,130,134,135,135,136,137,137,137,137,136,137,137,138,137,136,136,135,136,137,139,140,144,145,146,148,151,151,152,153,149,166,39,40,37,29,33,33,30,43,35,205,190,196,213,210,202,209,205,194,191,201,97,29,38,32,29,24,23,19,11,22,27,82,197,23,23,161,178,170,165,162,158,165,167,187,172,161,160,164,175,173,165,162,146,162,172,174,173,183,172,171,171,169,166,154,158,154,172,193,195,199,189,190,189,189,192,190,188,195,195,184,199,202,203,200,200,197,196,200,203,210,181,139,79,50,49,56,50,51,51,52,52,52,55,58,59,56,55,57,55,54,55,55,55,51,50,49,50,50,51,51,50,51,47,48,48,45,49,48,48,51,51,50,50,47,47,47,47,45,46,48,50,43,51,99,201,200,200,201,203,204,206,205,203,199,197,197,195,205,201,200,200,196,201,202,201,201,202,202,205,207,208,208,207,204,201,201,215,131,19,39,36,34,32,32,33,37,41,41,42,47,48,51,58,61,80,204,160,238,242,241,243,243,244,244,244,244,244,245,245,244,244,244,243,243,242,241,240,240,240,240,240,240,240,240,241,241,241,241,241,241,241,241,241,241,241,242,242,241,241,241,241,242,242,242,241,241,241,241,240,240,240,240
237,237,237,237,237,237,237,237,237,237,237,237,237,237,237,237,237,237,237,237,237,237,237,236,235,234,234,233,231,232,232,231,229,228,227,226,224,222,217,217,213,208,202,197,183,167,155,151,145,142,134,132,130,131,133,133,134,134,136,136,136,136,135,135,136,136,136,136,136,136,137,138,140,141,144,145,146,148,151,151,152,153,149,161,40,58,35,35,33,34,36,49,39,179,195,204,215,209,203,209,206,198,193,201,78,32,39,36,28,22,29,21,15,23,30,128,197,115,113,137,192,176,166,163,165,169,168,175,179,164,154,162,174,168,167,160,160,173,179,176,170,178,177,178,168,162,149,151,153,176,181,199,194,197,193,190,192,188,188,196,187,190,201,196,197,204,196,201,197,202,194,178,95,68,45,47,50,51,52,50,51,50,50,51,52,54,55,57,56,55,56,55,53,52,53,55,55,52,50,49,49,48,50,53,54,51,51,51,53,46,47,49,49,50,47,45,46,46,47,47,47,45,45,46,49,57,46,44,143,200,200,201,202,202,204,206,206,203,199,197,188,203,203,201,201,194,201,200,200,200,201,202,203,204,205,205,210,207,203,200,197,216,122,27,36,34,32,32,32,36,40,41,40,44,45,49,49,53,129,208,155,242,240,243,243,243,243,244,244,244,244,245,245,245,244,244,243,243,242,241,240,240,240,240,240,240,240,240,241,241,241,241,241,242,242,242,241,241,241,242,242,242,242,242,242,242,242,242,241,241,241,241,241,241,241,241
237,237,237,237,237,237,237,237,237,237,237,237,237,237,237,237,238,238,238,238,238,238,236,235,234,232,230,228,227,228,228,226,224,221,220,219,216,214,210,209,203,194,185,174,157,145,139,139,138,137,135,134,132,131,131,132,132,133,134,134,134,134,133,134,134,135,135,135,136,137,138,139,140,142,144,145,146,148,151,151,152,153,154,157,53,59,30,39,34,38,40,50,42,166,202,209,214,209,207,210,206,199,198,194,64,38,39,39,30,25,26,20,20,23,20,158,188,178,170,171,196,186,164,162,168,169,174,169,170,159,162,166,175,169,162,149,156,165,168,174,175,177,184,176,173,167,155,141,169,181,195,201,197,193,188,196,194,191,190,194,194,202,197,196,197,191,201,176,156,172,85,49,49,52,48,43,49,50,55,46,53,49,50,50,51,51,54,57,57,54,58,53,51,51,48,48,54,55,53,51,51,47,49,52,53,51,52,46,45,50,48,52,51,47,44,44,48,46,46,44,43,45,47,47,45,42,50,53,62,197,198,200,201,199,200,204,206,204,199,194,195,198,205,203,200,199,200,200,198,198,199,199,200,202,203,203,206,208,206,202,205,199,196,154,36,34,32,32,31,35,40,40,38,42,43,47,50,50,187,204,167,244,240,244,243,243,243,244,244,244,244,245,245,245,244,244,244,243,242,241,240,240,240,240,240,240,240,240,241,241,241,241,241,243,243,243,241,241,241,242,242,243,243,243,243,242,242,242,241,241,241,241,242,242,242,242
238,238,236,236,236,236,236,236,236,236,236,236,236,236,236,236,237,237,237,237,237,237,236,236,233,230,225,224,222,223,223,222,219,213,211,210,211,204,197,192,186,176,158,150,140,136,136,136,136,136,133,133,132,131,130,130,131,132,134,134,134,133,135,135,135,134,134,134,136,139,137,138,140,142,143,144,145,146,149,150,151,153,159,151,85,67,31,36,37,42,55,45,41,176,201,211,214,209,212,209,203,196,193,184,111,28,36,51,27,26,23,20,19,24,25,173,173,82,166,178,171,183,155,165,166,171,175,165,165,158,161,165,171,165,158,158,164,170,173,171,179,181,179,178,168,170,152,165,183,188,191,202,191,192,184,188,193,192,191,195,195,207,197,203,180,163,128,63,45,50,52,52,51,52,50,47,45,47,51,50,50,50,49,49,48,48,52,56,56,52,53,52,51,50,46,47,52,56,54,52,52,52,54,55,55,54,51,47,46,47,43,39,39,39,41,44,46,45,43,45,44,43,46,48,47,42,45,40,61,170,181,207,193,195,200,199,202,205,205,198,201,192,199,208,199,202,207,200,201,196,195,200,199,201,203,204,205,207,208,207,205,202,200,201,81,40,23,36,31,32,38,39,38,40,43,48,56,40,217,201,175,248,236,246,244,244,244,244,244,244,244,245,245,245,244,244,243,243,243,243,241,241,239,238,238,239,239,240,241,242,243,243,243,242,242,242,242,242,242,242,242,241,241,242,243,243,243,243,242,242,242,242,242,242,242,242
238,238,236,236,236,236,236,236,236,236,236,236,236,236,236,236,237,237,237,237,237,236,235,234,231,227,221,219,217,214,214,216,213,207,199,195,192,183,175,167,158,146,137,134,132,134,135,135,136,136,134,134,133,133,132,132,133,134,135,136,137,138,137,137,136,135,135,134,135,137,139,140,141,142,143,144,144,145,149,149,151,152,155,155,128,60,24,46,39,43,57,55,51,191,205,213,211,204,208,207,204,199,206,197,95,40,38,37,35,25,25,21,27,28,25,170,126,28,40,166,193,173,157,163,165,169,167,164,158,154,162,164,168,167,154,149,154,164,165,165,164,169,176,166,175,160,157,180,190,193,198,199,187,189,187,187,189,194,192,194,197,188,206,202,190,103,27,52,49,50,51,52,51,49,47,44,43,47,51,50,50,51,50,50,49,49,49,51,53,52,54,55,54,50,48,48,50,53,55,56,53,52,53,53,54,54,53,52,51,50,48,45,45,46,45,44,43,44,42,44,43,47,46,45,45,50,40,45,41,72,72,161,201,195,197,199,198,200,200,198,192,200,197,203,199,199,204,204,198,197,196,197,198,200,202,203,205,207,208,207,205,203,201,200,199,38,35,24,30,30,36,37,39,39,42,48,49,50,218,198,169,243,239,245,244,245,245,244,244,244,244,244,245,245,244,244,243,243,243,243,241,241,240,238,238,239,240,241,241,242,243,243,243,243,243,243,243,243,243,243,243,242,242,243,244,243,243,243,242,242,242,242,242,242,242,241
238,238,237,237,237,237,237,237,237,237,237,237,237,237,237,237,237,237,237,237,236,235,233,232,228,223,219,214,208,207,206,204,198,190,177,171,165,157,149,142,137,132,132,132,132,133,133,134,135,136,135,135,136,136,136,136,137,138,137,138,140,142,143,142,140,138,138,136,135,136,139,139,140,140,140,140,139,139,139,140,141,143,143,146,155,45,30,49,38,48,28,48,54,215,205,212,211,208,207,207,206,203,200,195,155,36,37,22,36,25,24,21,27,26,32,181,76,37,16,152,175,169,158,157,160,163,163,161,152,152,162,165,164,167,156,154,158,160,169,179,178,175,173,177,164,166,184,187,190,192,199,200,188,188,190,186,186,193,194,194,197,203,170,141,59,49,45,42,49,46,47,48,46,49,47,45,45,47,51,50,50,52,52,51,51,50,47,47,50,52,53,54,53,48,50,46,46,48,53,55,53,52,51,51,53,51,53,54,53,53,52,51,49,46,45,45,45,43,40,42,42,48,45,43,44,44,43,42,42,45,47,139,192,193,194,200,199,201,198,196,200,193,196,202,209,204,204,205,197,196,195,194,197,199,201,201,205,207,208,208,205,204,202,199,203,93,31,29,30,30,35,35,37,39,43,46,49,59,203,206,168,238,243,245,244,245,245,244,244,244,244,244,245,245,244,244,243,243,243,243,241,241,240,239,239,240,241,242,242,242,242,242,242,242,242,242,242,242,242,242,242,242,242,243,243,243,243,243,242,242,242,242,242,242,241,240
238,238,238,238,238,238,238,238,238,238,238,238,238,238,237,237,237,237,237,236,236,235,231,229,225,220,214,204,194,190,189,185,175,163,149,143,140,136,136,130,129,128,128,129,129,128,132,133,135,136,136,137,138,139,139,140,141,141,140,140,140,141,140,139,137,134,134,132,129,129,128,128,128,128,128,128,127,126,124,125,127,128,127,126,142,54,35,42,46,44,33,58,135,203,211,215,213,210,211,211,209,207,200,190,218,113,37,27,30,35,32,34,23,23,22,197,29,28,9,94,181,172,157,149,153,156,173,163,161,161,164,170,166,165,157,148,151,160,167,167,171,174,175,174,184,176,185,188,190,198,202,202,194,191,189,186,186,191,195,190,195,164,117,77,51,38,53,46,45,47,48,48,47,47,45,44,45,47,51,50,50,54,53,53,52,49,50,49,47,49,49,48,45,44,49,42,40,43,45,47,49,51,49,48,52,54,57,57,54,50,52,52,49,47,45,43,41,41,39,41,41,43,44,45,44,46,50,42,41,39,55,93,180,187,193,192,196,195,200,197,194,196,199,196,206,203,204,202,199,195,191,193,195,197,199,200,205,207,208,209,205,205,202,198,193,191,106,24,33,32,36,36,32,40,46,44,43,120,194,188,175,236,245,244,243,243,244,244,244,244,244,244,245,245,244,243,243,243,243,243,243,241,240,239,239,240,241,242,242,242,242,242,241,239,239,239,239,239,239,239,239,240,240,242,243,243,243,243,242,242,242,242,242,241,240,238
238,238,237,237,237,238,238,237,237,238,239,238,238,237,239,239,238,238,238,237,235,234,232,229,224,218,209,195,177,170,164,171,167,151,140,130,138,137,135,136,134,129,130,130,130,130,132,133,136,138,138,139,142,144,144,141,138,137,135,136,136,135,131,132,131,129,131,127,125,122,121,115,116,113,109,109,106,102,103,102,103,105,108,105,120,67,30,44,74,40,49,64,219,205,217,216,214,210,212,214,213,209,207,196,206,188,33,35,18,38,32,31,21,31,33,216,8,30,25,25,184,173,154,153,152,161,161,161,154,162,171,162,165,160,153,151,167,159,168,166,166,175,170,169,183,191,198,198,194,201,205,208,195,192,187,187,187,189,195,195,190,155,52,48,52,52,47,45,48,49,48,50,47,48,45,42,43,43,51,50,50,50,51,49,47,48,47,49,47,45,42,40,39,44,45,44,40,41,43,46,49,54,49,48,53,54,54,55,56,52,53,52,48,49,46,42,40,40,39,39,41,40,42,40,42,44,51,47,42,39,46,46,96,176,189,186,191,196,195,196,196,194,197,198,202,196,196,204,197,190,189,191,194,196,195,197,205,206,207,207,209,205,205,200,188,187,198,24,35,28,42,29,38,27,45,30,42,197,203,187,173,232,244,242,240,241,241,241,241,241,242,242,243,243,243,244,243,241,241,241,241,242,241,239,240,241,241,243,243,243,243,242,242,236,236,235,234,235,235,234,234,236,236,238,239,241,243,245,241,242,243,242,243,241,238,236
238,238,237,237,237,238,238,238,238,239,239,237,237,238,239,239,238,239,237,236,236,233,232,226,219,213,207,192,170,158,152,160,169,160,144,133,138,137,139,140,138,133,129,129,129,129,133,133,135,136,140,142,143,143,139,136,132,130,126,127,127,125,124,124,123,123,126,130,136,141,140,136,134,129,119,117,114,109,101,97,90,86,87,93,93,72,33,39,62,41,44,169,206,211,214,215,216,215,213,215,214,210,204,211,203,178,41,33,35,19,44,30,26,26,104,155,40,29,21,24,157,183,155,154,158,162,153,162,160,162,169,183,165,167,155,155,152,152,170,183,176,172,163,170,176,189,194,201,198,202,204,204,198,199,191,188,192,187,192,192,191,197,54,44,53,52,48,45,48,49,47,48,44,46,43,41,42,40,46,48,51,53,53,50,47,47,44,45,41,43,42,40,40,48,43,41,43,43,44,45,47,48,49,51,53,53,53,54,54,51,52,51,48,48,46,44,43,42,40,38,38,38,40,38,40,43,48,48,45,45,45,45,34,80,184,181,182,196,196,199,195,195,194,185,183,203,202,202,195,187,187,191,193,195,194,198,205,205,207,207,206,203,203,198,197,192,208,112,25,34,34,42,41,37,55,48,49,209,202,173,165,228,241,239,239,238,237,237,237,238,238,239,240,242,241,240,239,237,236,236,237,238,241,240,241,241,241,242,242,242,242,242,241,240,230,229,229,231,231,230,230,230,231,232,235,236,239,241,241,242,242,241,239,237,234,231
238,238,238,238,238,238,238,238,238,238,237,235,236,237,238,238,237,234,234,233,232,231,228,223,221,210,206,190,166,150,144,165,170,165,154,139,141,139,141,141,139,134,129,129,129,129,129,132,136,140,143,145,145,141,135,130,122,117,113,113,112,109,108,107,107,108,112,122,132,144,157,158,156,150,149,148,144,139,135,131,125,121,117,121,119,95,38,38,46,34,54,186,202,200,219,219,217,213,215,216,216,212,215,216,199,207,27,35,29,30,11,36,29,29,188,134,25,30,22,29,162,168,151,149,162,157,151,162,160,155,144,153,166,160,153,150,163,158,167,174,165,176,179,170,184,185,189,193,198,204,209,206,199,201,198,191,185,186,189,189,190,131,40,48,48,50,48,46,48,48,46,48,43,44,41,38,39,38,40,46,50,51,51,49,45,46,43,42,38,41,40,40,42,45,49,51,48,46,45,45,44,43,47,51,51,50,50,50,50,50,49,48,48,47,45,44,44,42,40,37,37,37,39,37,40,43,45,48,47,46,41,37,43,34,106,141,187,191,191,196,198,193,195,198,187,189,200,200,194,185,184,189,190,193,194,199,204,205,206,208,208,205,204,200,195,203,190,205,160,37,32,32,44,46,66,34,134,210,204,161,175,238,235,234,233,234,234,234,234,236,236,237,237,239,237,236,235,233,231,232,234,235,237,238,239,238,238,239,239,239,239,238,236,235,232,225,224,226,226,225,226,225,225,227,230,232,235,238,237,238,239,238,237,234,230,227
238,238,239,239,238,238,238,236,235,235,234,234,235,235,235,235,233,229,229,228,227,225,225,218,216,211,199,185,164,148,152,163,168,170,164,146,146,144,144,144,142,137,131,131,131,131,135,137,139,141,143,145,144,136,128,120,107,98,94,94,92,88,87,84,84,88,96,113,126,144,152,161,162,160,159,159,157,155,150,146,142,141,141,138,142,140,30,36,40,32,43,174,206,214,219,220,218,215,216,218,217,213,202,212,214,212,100,50,37,32,35,30,33,25,204,109,21,22,29,16,114,170,141,137,159,147,146,154,153,156,152,147,142,147,151,154,166,159,171,178,176,178,169,172,194,186,188,188,198,203,207,207,201,202,200,195,189,186,188,189,187,92,32,48,45,49,48,48,47,46,46,50,48,42,39,36,37,39,36,42,47,51,52,52,51,46,44,45,43,39,39,41,43,43,48,52,49,49,47,44,42,45,47,48,48,49,48,47,46,48,47,46,48,47,44,41,40,39,38,37,38,39,41,39,41,47,44,48,47,40,45,44,40,40,41,135,186,188,189,198,203,196,195,194,198,190,196,197,196,184,180,185,187,191,194,200,203,204,206,207,208,205,204,200,201,195,201,191,191,96,51,50,108,152,156,98,196,188,202,159,241,231,228,229,228,228,228,228,228,229,230,231,231,234,235,229,227,226,222,224,226,229,232,233,235,234,234,234,234,234,235,233,231,228,225,224,218,218,218,218,217,216,216,218,221,224,228,231,232,233,234,233,230,227,222,218
239,239,238,239,239,239,236,238,232,227,227,230,232,233,232,232,230,229,225,223,223,220,219,219,211,206,200,179,166,151,151,164,167,169,164,151,146,150,151,151,152,144,134,134,136,137,142,143,141,137,135,138,134,124,117,104,89,76,66,66,66,64,61,60,61,67,84,105,119,140,156,168,173,173,171,173,170,170,170,169,167,165,162,155,165,157,31,41,46,37,52,177,220,213,219,219,220,221,218,219,218,211,214,217,215,208,205,213,37,34,25,28,32,143,188,75,19,24,20,11,84,175,137,129,151,146,136,143,156,156,152,147,146,137,132,150,151,170,181,181,184,170,164,184,199,199,194,197,198,201,205,207,201,199,205,200,197,186,189,188,190,154,43,43,43,48,47,42,43,46,47,47,45,45,42,36,35,40,41,43,47,48,50,51,51,51,43,48,45,36,34,41,41,42,43,44,43,44,51,46,42,48,47,50,49,52,50,46,43,48,44,43,49,45,43,42,43,43,35,35,37,38,40,42,43,44,48,46,46,45,44,43,42,30,37,109,187,186,185,195,204,200,196,195,201,197,197,201,197,183,177,182,188,192,194,200,203,205,207,205,206,204,199,194,196,196,195,193,196,197,187,183,191,193,192,186,191,191,207,185,234,224,221,221,220,218,219,220,220,220,221,224,226,225,228,229,220,219,213,219,217,222,226,230,231,228,229,229,229,230,230,226,225,220,216,214,212,206,204,204,209,208,207,208,209,215,218,222,226,225,225,224,222,218,216,210
239,239,238,237,238,236,234,232,227,223,223,226,228,228,227,226,226,226,228,216,214,211,209,210,213,200,195,191,166,149,148,163,169,171,166,153,145,144,145,143,142,135,129,130,132,133,134,135,134,130,127,127,120,108,95,81,67,55,48,49,49,47,53,52,53,57,74,98,117,137,155,166,173,174,173,176,173,173,174,173,172,171,170,174,166,175,84,58,51,46,51,195,221,207,224,223,220,218,217,217,217,217,216,216,215,214,206,209,96,44,23,20,44,190,190,66,19,23,24,21,50,149,138,127,143,149,130,130,147,148,146,150,151,135,144,145,156,157,159,170,160,173,182,189,193,198,193,197,198,200,204,205,202,199,203,203,202,190,188,187,178,175,74,37,35,46,47,43,43,44,45,44,42,44,40,36,36,37,38,41,45,48,50,51,51,50,48,44,41,36,35,38,39,37,39,42,42,43,47,45,42,42,44,49,47,47,46,44,43,44,43,43,43,43,41,40,40,38,37,40,36,39,40,41,43,43,47,45,44,43,42,42,41,42,31,106,191,193,190,188,198,199,198,196,198,203,201,203,195,182,176,182,186,190,192,198,202,203,205,204,205,200,198,197,195,196,197,197,188,192,192,194,190,192,190,184,190,191,160,234,223,219,215,211,213,213,213,214,215,218,219,219,219,223,224,224,218,211,205,206,212,215,214,220,224,227,225,224,224,224,221,219,219,214,210,204,196,192,182,183,184,180,177,177,186,201,211,215,220,221,220,218,214,211,204,185
238,238,237,235,234,232,229,227,221,216,216,219,222,226,222,221,220,220,219,218,198,192,188,200,202,198,187,184,177,144,146,157,167,171,156,148,143,140,138,130,125,119,115,116,119,121,122,123,122,117,117,115,105,94,81,68,56,50,47,48,49,48,44,44,44,45,49,71,96,118,142,153,161,166,172,176,176,178,178,178,178,179,178,177,174,175,151,121,77,57,81,229,217,215,224,223,222,221,225,223,220,220,217,215,214,218,212,199,216,136,15,45,117,190,187,45,19,23,26,17,30,139,142,131,136,153,143,140,152,149,155,150,144,133,137,151,162,166,149,169,173,169,187,196,198,195,194,195,197,198,201,203,204,200,197,201,203,186,186,190,161,142,125,49,40,42,45,43,44,47,47,46,43,41,35,36,36,35,36,38,42,47,48,50,49,43,45,43,43,38,37,36,37,37,40,43,44,46,46,48,47,39,41,47,46,44,43,42,41,43,45,45,42,40,39,37,38,41,36,37,40,41,40,40,42,43,46,43,42,39,39,39,40,40,37,81,182,187,189,196,194,197,199,197,185,193,196,200,192,178,174,180,183,187,189,195,199,200,202,204,204,204,200,197,195,197,198,198,193,191,190,188,188,189,187,180,186,186,191,229,215,208,203,201,201,198,199,199,200,202,205,209,213,214,216,218,213,206,181,180,194,203,210,216,222,226,219,215,214,213,213,211,209,200,188,174,164,170,179,167,164,157,150,149,153,165,182,200,207,209,208,204,199,187,172,157
234,234,234,232,231,229,225,220,212,203,201,205,211,219,224,212,210,210,211,208,202,163,165,191,184,179,177,173,166,148,145,149,157,159,149,143,139,132,125,113,104,100,98,100,103,106,107,108,107,103,97,94,88,80,69,58,51,50,48,50,51,51,50,50,49,47,49,57,73,91,105,115,125,134,142,148,153,159,163,164,166,168,174,171,174,172,167,189,186,132,200,223,210,223,227,225,223,221,217,220,222,222,222,221,220,221,225,219,188,227,92,133,202,172,180,24,16,22,15,30,7,57,142,133,128,149,136,149,155,150,148,144,142,142,127,139,144,156,163,169,174,178,181,194,201,199,197,197,196,197,199,201,207,200,198,201,197,185,188,191,178,110,118,64,39,38,44,44,44,48,47,45,42,39,31,36,37,35,36,39,43,43,45,46,45,45,40,44,42,42,42,36,38,38,40,41,41,47,43,48,50,45,41,44,46,46,45,42,40,39,40,41,40,41,39,38,38,40,36,39,41,43,40,39,42,43,45,42,40,36,37,38,38,41,42,60,172,188,189,190,197,196,195,196,198,190,193,193,189,176,172,179,180,184,186,192,197,197,199,203,202,202,202,196,195,196,196,195,191,188,192,192,186,187,184,176,171,164,187,223,206,203,194,188,182,181,182,183,183,183,186,191,196,197,200,205,197,191,187,163,165,180,193,211,219,218,217,205,205,202,199,195,186,170,149,151,157,166,176,164,151,140,130,128,131,141,153,167,178,181,180,174,162,152,143,132
229,229,229,230,225,224,219,216,201,192,179,183,203,208,215,214,189,184,191,183,171,163,171,167,162,161,163,160,153,141,139,148,153,154,146,139,132,123,109,95,84,83,80,81,85,89,89,92,90,82,75,73,71,69,61,58,53,51,55,55,56,57,55,54,51,49,47,49,57,68,78,88,97,108,116,124,132,140,142,142,143,146,151,154,154,149,149,216,179,212,226,230,222,235,230,219,214,214,213,208,212,208,221,221,219,220,218,219,221,214,195,195,192,150,184,24,22,25,19,24,8,41,128,131,127,143,109,140,146,150,155,148,140,148,131,143,155,165,172,174,185,186,185,188,201,203,203,203,195,192,193,198,203,201,194,201,200,188,190,192,192,160,93,49,37,35,40,43,41,46,47,45,40,38,34,37,36,37,36,42,44,46,46,44,41,43,42,41,39,41,40,39,40,38,39,39,37,43,44,46,50,46,45,44,45,45,42,38,37,37,40,42,41,44,39,39,40,36,36,37,39,40,41,41,42,42,43,41,39,39,36,35,38,39,39,34,167,189,188,193,195,201,197,195,192,188,186,190,189,178,170,174,177,183,186,191,195,196,198,199,196,200,203,200,195,193,189,186,190,192,193,190,187,184,179,178,167,156,186,219,204,199,191,186,181,179,173,172,171,170,169,169,173,179,182,187,172,159,156,152,149,150,176,214,206,199,197,210,179,177,168,162,151,142,135,147,157,164,159,150,139,124,113,109,112,115,122,130,140,143,144,142,133,129,122,116
225,224,225,222,220,220,212,203,186,158,138,161,186,196,202,198,196,179,176,161,158,157,155,154,154,155,154,155,155,138,140,143,151,148,146,138,129,117,105,89,74,65,59,59,62,67,70,69,68,66,63,61,59,57,57,55,53,53,55,56,56,57,55,54,51,49,48,46,45,48,56,62,67,74,87,96,104,111,119,118,119,122,121,126,131,132,124,202,183,225,234,235,230,221,212,189,180,171,167,174,185,181,194,191,201,204,219,220,215,220,199,198,157,152,158,27,10,12,20,17,12,5,113,130,119,139,125,132,146,157,156,156,141,140,132,146,159,168,175,178,187,189,186,185,192,196,200,202,197,193,193,196,201,203,200,201,202,188,190,188,186,189,155,36,37,38,39,40,41,44,45,44,40,38,35,37,37,35,34,40,42,41,42,44,46,45,43,40,38,38,40,41,39,37,39,39,38,39,41,46,49,49,46,44,43,42,40,39,39,39,40,40,39,40,39,41,38,39,36,34,34,40,40,41,42,40,40,39,37,35,35,35,35,37,32,33,125,189,190,191,194,193,197,198,196,192,189,190,188,178,169,171,175,178,181,189,195,195,195,196,197,198,198,194,197,192,188,188,192,190,189,189,187,184,176,187,159,160,192,219,201,197,197,193,188,181,174,170,163,154,152,150,152,157,159,164,170,142,141,141,142,147,182,203,193,179,181,208,199,159,154,145,140,135,133,143,152,154,148,138,126,115,108,107,103,104,106,109,110,112,113,113,112,111,109,108
215,215,216,216,210,202,188,171,146,114,109,134,159,167,170,167,164,160,159,155,152,155,158,155,153,151,148,147,147,139,137,142,146,146,144,136,127,116,101,88,75,63,53,50,49,54,59,56,54,57,62,60,58,56,52,51,50,51,52,52,52,52,51,50,47,45,40,39,37,36,35,39,43,53,68,78,87,93,96,94,92,92,92,95,98,100,102,167,206,234,229,210,213,207,191,172,164,153,159,165,176,162,152,183,153,135,187,214,214,217,201,192,132,164,102,29,7,6,12,16,18,19,108,116,109,136,125,135,137,142,148,155,145,137,130,142,155,166,175,179,184,189,197,194,193,198,194,199,196,192,195,195,200,204,204,202,202,191,187,188,185,175,189,51,40,39,38,38,40,41,42,42,38,37,38,37,37,38,37,43,45,45,43,41,42,44,43,40,38,36,40,41,38,37,39,40,40,37,41,46,48,50,47,43,42,41,40,39,40,41,40,38,38,37,37,40,37,34,34,34,36,39,40,41,43,42,42,41,39,37,38,37,35,31,28,38,119,187,186,188,188,182,189,195,189,189,189,190,187,177,168,167,170,174,178,186,193,193,192,192,193,195,197,198,196,194,190,191,190,187,185,187,185,179,174,197,146,163,200,217,197,196,197,197,192,188,181,172,159,147,143,140,141,142,143,146,148,147,141,139,141,143,151,191,201,168,177,181,168,147,144,139,139,140,138,145,152,146,141,130,124,114,107,103,105,103,101,101,99,100,102,104,102,105,109,113
196,198,202,199,186,171,160,150,128,110,104,120,142,149,156,157,155,160,159,153,152,151,153,154,151,146,142,137,133,132,133,139,144,145,141,136,132,124,115,106,93,78,65,58,52,54,56,54,53,53,55,54,51,49,48,47,45,45,45,45,44,43,43,42,39,37,32,32,30,28,25,26,27,36,52,64,73,77,81,77,71,67,71,72,74,77,79,104,233,227,188,193,163,181,178,181,175,163,181,179,175,104,83,80,65,86,151,206,216,219,202,174,140,164,35,21,15,9,16,17,12,0,89,125,105,126,126,123,127,136,141,145,148,130,131,137,148,167,176,182,184,191,197,199,196,200,197,202,199,193,195,198,200,202,202,199,190,190,187,184,185,185,192,105,35,37,39,40,37,38,40,40,37,36,40,37,37,38,37,43,45,48,43,39,40,41,41,41,41,38,38,38,38,37,39,41,41,41,45,48,47,47,45,44,44,44,41,39,38,39,37,37,39,37,34,37,38,37,36,36,37,38,39,42,44,42,42,41,38,40,37,34,35,29,33,35,156,184,180,184,186,184,184,194,193,192,190,187,186,177,166,162,164,174,180,184,188,189,190,191,191,192,194,196,194,192,190,191,186,186,186,184,184,167,179,200,135,162,203,213,195,197,197,198,196,189,182,172,156,142,139,137,138,142,142,144,145,149,143,142,142,140,143,154,167,173,156,154,143,134,142,140,141,141,142,147,142,138,135,126,121,114,110,106,104,103,102,103,106,106,107,111,116,118,123,127
160,163,178,186,164,158,151,138,127,110,99,108,123,136,146,153,154,154,154,152,149,146,155,156,155,151,148,141,132,132,132,137,141,144,140,138,134,131,126,117,105,92,78,66,59,57,58,53,52,51,49,50,50,48,45,42,39,40,37,39,40,37,37,34,32,31,29,27,24,22,21,20,19,29,41,53,64,64,67,55,45,39,38,37,45,52,47,74,228,210,133,129,94,160,177,182,168,173,169,180,79,62,69,57,39,84,146,189,218,215,220,144,150,177,11,23,10,10,13,14,15,5,81,121,115,115,133,122,131,123,140,147,153,126,131,139,151,164,183,187,194,189,196,202,200,203,200,203,202,196,195,198,199,202,203,203,198,191,185,177,183,171,178,195,66,38,36,36,36,42,37,39,37,38,39,39,40,37,39,42,44,46,46,44,39,39,41,42,42,42,39,37,38,38,38,40,43,41,43,47,48,47,45,44,45,43,41,40,38,38,42,36,36,35,34,34,36,37,36,35,37,41,38,38,40,44,40,43,37,37,34,31,31,26,34,46,170,185,179,186,190,190,189,195,202,194,194,190,187,177,164,159,162,168,176,180,184,186,189,189,186,190,192,191,193,190,186,182,181,182,186,183,181,169,188,202,120,163,209,202,204,194,195,197,195,188,181,168,157,145,143,142,142,141,142,144,146,149,147,146,145,143,145,143,146,153,147,139,136,135,140,146,146,146,150,153,142,141,136,129,120,115,111,110,112,112,111,111,113,115,119,124,129,129,131,132
152,154,157,160,163,153,152,140,128,111,100,107,122,136,146,154,151,147,147,147,149,150,157,158,158,154,151,147,139,133,134,136,139,142,138,137,136,134,133,125,115,101,87,75,67,64,62,56,54,52,49,49,49,47,44,41,38,37,35,34,34,35,35,34,31,29,26,26,24,24,22,21,21,30,42,52,62,63,59,46,34,26,23,25,26,37,62,122,234,190,97,115,73,85,187,137,75,170,189,168,46,62,42,35,39,95,146,184,214,215,225,118,149,141,14,24,9,10,10,11,14,7,31,115,115,102,140,119,131,129,143,151,157,131,133,140,149,160,178,183,189,188,195,202,204,203,208,203,197,196,196,197,199,201,202,201,201,191,184,177,180,183,180,190,127,31,35,35,35,35,33,36,36,38,39,40,40,38,40,42,44,46,46,44,39,37,38,39,39,42,40,39,40,41,40,40,41,41,43,46,47,45,44,42,43,41,41,39,38,36,38,34,33,34,34,34,36,32,32,33,36,39,35,34,40,39,42,40,38,38,36,33,32,32,27,69,178,178,183,185,187,190,189,192,198,197,192,194,191,175,160,160,168,173,179,181,183,184,184,182,187,186,188,190,190,185,180,180,183,183,186,183,185,184,189,201,116,171,205,204,196,188,187,189,191,184,177,166,156,148,147,146,146,146,147,148,149,149,149,148,148,147,144,141,143,144,148,140,141,141,144,148,148,148,150,152,149,145,140,133,126,122,118,118,117,118,119,121,123,124,127,131,135,136,138,139
158,156,152,153,154,154,148,141,129,111,99,104,119,136,147,155,153,151,150,150,148,153,160,162,163,160,153,150,142,134,135,137,140,141,139,139,139,138,136,131,123,109,95,82,74,70,68,61,58,54,50,50,50,48,44,43,40,36,36,34,34,37,37,37,34,29,27,27,26,26,26,25,24,34,44,52,61,63,61,47,33,24,24,27,22,34,54,183,235,192,121,100,65,102,185,148,121,177,183,198,146,51,12,61,87,124,151,180,208,215,223,146,149,90,19,24,6,9,8,8,11,8,4,131,126,109,137,124,128,133,140,148,155,136,136,143,149,158,175,183,186,192,191,196,202,200,198,200,200,196,196,197,198,200,202,198,195,194,184,173,171,176,181,173,179,34,32,35,33,32,34,36,38,38,39,41,42,40,41,42,43,46,46,44,39,39,40,41,39,39,40,42,42,44,42,40,40,41,43,45,45,43,41,39,39,40,39,39,38,39,37,36,35,34,33,33,35,29,29,31,35,43,37,32,33,36,41,37,39,39,37,34,33,33,30,119,181,173,182,182,184,184,187,193,197,200,192,191,193,174,157,159,167,171,176,176,179,181,183,183,184,182,183,186,189,183,178,180,178,179,181,182,181,187,190,192,116,174,187,201,181,182,177,179,183,182,171,163,156,149,148,147,149,148,149,149,152,152,148,147,150,149,146,142,145,143,144,144,145,148,151,151,151,150,148,149,160,145,142,135,132,129,125,126,124,125,127,129,132,132,133,136,139,140,141,142
158,156,153,152,152,155,149,139,127,108,96,101,118,136,148,157,156,153,150,149,150,155,163,166,167,165,160,153,143,138,139,142,145,145,142,142,140,139,139,136,130,116,101,89,79,75,73,66,61,56,52,53,53,51,50,49,46,40,39,41,43,44,43,43,41,34,33,32,30,28,28,27,27,36,48,55,62,64,60,46,34,26,25,30,42,57,53,208,237,182,157,101,94,48,145,174,147,119,116,41,122,81,74,111,85,137,161,180,204,214,226,177,157,51,21,22,1,6,9,7,9,6,7,108,141,119,116,138,124,129,131,136,145,138,138,146,151,161,170,180,181,193,195,195,203,204,195,196,196,193,194,195,197,200,202,198,200,199,185,174,168,175,176,177,179,53,28,35,31,30,35,33,34,38,39,42,44,43,44,44,45,46,46,44,39,37,38,38,36,35,38,42,42,43,42,41,42,41,43,44,44,42,39,36,35,38,38,38,38,39,34,36,34,33,32,33,34,31,31,31,33,38,38,37,35,38,35,38,41,37,35,32,31,33,33,147,172,177,176,180,183,184,182,185,189,193,198,192,192,175,158,157,163,168,173,175,176,178,180,180,178,180,182,182,183,180,177,177,181,177,178,176,179,186,199,183,129,173,177,200,164,169,164,166,169,167,166,160,156,151,150,151,153,152,152,152,154,149,145,144,146,152,148,146,146,149,149,148,146,146,147,155,151,150,146,147,159,146,145,139,139,136,133,135,135,135,135,136,139,138,138,140,141,142,144,145
161,160,158,157,154,156,150,138,122,105,92,96,115,135,151,158,159,157,155,153,153,159,165,171,172,173,166,161,152,145,145,147,152,148,146,145,145,146,144,140,134,120,105,92,83,81,79,73,67,59,54,55,57,57,52,52,50,47,42,43,47,49,51,48,47,40,37,37,35,34,34,33,31,39,48,56,65,68,64,52,41,32,27,34,32,40,66,234,233,204,155,132,95,73,140,113,29,45,42,34,165,143,112,107,110,144,163,181,200,213,224,213,121,17,23,16,4,10,4,7,11,3,10,54,129,126,106,142,123,138,121,133,131,139,147,153,151,168,162,169,180,188,193,198,202,201,202,199,195,192,192,195,196,199,202,196,195,202,186,179,172,171,177,177,178,116,27,31,27,32,33,33,34,35,38,44,42,42,43,43,44,46,46,43,39,40,38,39,40,43,33,35,34,31,45,39,45,44,37,39,38,39,38,37,35,32,36,39,37,39,37,34,32,31,29,30,33,34,31,31,35,38,38,38,38,39,38,38,40,41,28,35,31,35,35,160,169,173,177,181,183,186,183,183,184,191,197,199,191,173,155,159,167,168,171,173,175,176,170,175,176,175,181,178,172,176,178,175,173,178,178,179,179,186,190,184,142,183,182,211,152,151,149,151,153,154,154,155,153,149,151,153,153,154,150,150,152,145,143,142,145,149,149,147,149,150,152,148,146,147,146,155,152,147,145,145,159,159,148,146,141,141,142,143,139,141,143,143,143,144,146,146,143,143,144,146
163,162,161,159,157,158,151,139,122,104,90,94,113,133,149,159,160,158,156,155,156,161,168,174,175,176,173,167,158,149,150,151,153,152,151,150,149,150,151,147,141,127,113,99,90,88,83,77,72,64,56,58,59,58,56,56,54,51,46,48,51,54,57,54,54,48,43,42,40,38,37,35,34,44,54,62,71,72,67,55,45,37,33,36,43,51,54,209,230,204,166,143,92,176,145,28,26,42,30,14,65,77,50,184,52,127,160,169,182,200,212,227,86,18,29,12,0,7,5,7,10,2,2,66,127,127,125,136,129,136,126,134,135,146,144,158,155,174,168,171,179,186,192,197,201,199,195,193,189,186,191,194,195,198,198,197,193,193,194,185,175,166,173,175,176,170,41,34,27,32,33,34,34,36,36,44,41,42,43,44,44,47,47,44,40,35,37,40,38,34,37,32,26,42,37,58,42,45,42,42,39,38,37,35,34,36,33,35,36,37,36,34,32,29,31,33,33,34,32,31,34,37,37,37,37,37,39,40,37,33,37,25,25,25,81,176,174,174,174,177,183,182,182,185,189,194,196,196,190,173,157,162,164,165,166,167,167,170,169,171,173,172,176,175,174,170,168,174,177,175,177,172,179,184,191,169,145,185,192,202,145,145,147,148,151,151,152,155,159,151,153,155,155,154,150,150,152,143,140,139,142,147,151,151,153,154,150,144,143,143,143,155,149,146,143,142,157,158,147,146,144,145,146,146,146,147,147,145,145,147,148,147,145,144,143,143
167,166,165,163,158,157,149,136,119,100,87,93,111,132,147,159,160,158,158,158,158,164,168,174,175,175,175,170,161,154,155,156,158,156,156,155,155,156,154,150,144,130,114,101,91,88,86,81,77,69,63,64,64,63,60,60,58,55,50,51,55,57,62,60,60,55,48,47,44,42,39,39,40,50,60,69,77,75,67,57,48,42,45,34,45,71,89,229,218,197,169,103,198,144,31,36,26,26,18,27,17,18,23,25,16,114,142,154,166,179,190,229,67,27,33,6,0,3,4,6,9,1,5,89,136,135,131,127,137,127,131,133,135,143,148,161,157,169,177,180,185,190,193,197,200,197,198,196,193,190,189,191,194,197,194,196,191,190,198,191,181,165,170,171,173,174,88,36,36,32,33,35,36,37,34,44,39,42,43,45,46,49,48,45,42,41,36,42,33,27,53,122,153,166,175,187,130,48,56,37,41,40,39,37,36,39,32,37,33,36,35,33,32,28,32,34,33,34,33,32,33,34,34,34,34,34,38,39,35,32,32,32,35,33,159,167,184,174,173,175,180,183,177,179,181,186,190,194,186,169,153,159,162,162,163,163,163,164,166,166,165,165,164,167,166,166,166,168,170,175,174,170,181,184,187,161,140,175,195,189,140,146,145,145,148,149,150,155,156,153,153,155,154,153,149,152,149,140,136,135,138,144,149,147,152,149,146,143,140,139,141,154,150,145,142,140,156,157,147,148,149,150,150,151,153,154,153,151,151,152,152,150,149,147,144,143
170,170,168,163,157,154,142,128,112,96,85,94,112,133,148,157,157,155,154,162,158,163,170,176,177,177,176,173,167,163,158,158,159,160,159,157,157,158,157,153,147,133,122,108,97,94,94,89,85,78,71,72,71,69,68,67,65,62,57,59,62,65,68,67,67,63,57,56,52,49,48,48,50,62,70,80,86,82,72,63,55,50,40,52,63,68,158,234,214,188,182,87,72,52,27,19,25,14,27,20,23,21,7,43,74,122,140,144,146,153,170,190,137,7,30,0,0,2,0,4,9,3,3,84,136,139,133,124,133,126,127,132,142,147,154,159,165,172,177,184,192,193,195,199,201,198,196,194,192,190,188,189,191,195,197,193,190,191,197,193,188,170,171,168,170,176,155,30,35,32,33,36,38,39,33,44,38,42,43,46,48,50,49,47,43,48,59,41,72,108,172,183,179,181,186,187,189,176,173,137,72,37,36,34,33,37,36,48,30,34,34,33,32,31,31,33,35,34,34,33,32,32,32,32,32,32,34,36,38,37,32,28,35,118,176,175,179,173,175,183,186,182,182,181,181,184,187,192,187,169,152,156,155,156,158,160,162,155,156,156,159,158,154,160,167,163,163,167,169,174,174,178,184,188,196,146,139,160,198,192,140,146,146,148,149,150,151,153,154,151,152,154,154,150,151,147,145,138,135,133,137,144,149,149,149,150,148,145,142,141,144,154,152,150,144,143,157,156,146,150,151,151,152,153,154,156,157,156,155,155,155,153,152,150,148,148
173,171,165,159,156,149,134,121,107,91,86,99,115,133,146,150,153,152,154,156,157,163,171,175,179,179,177,176,173,169,162,162,161,161,162,159,160,161,160,156,149,135,121,106,96,95,98,97,93,86,78,78,76,75,75,76,75,72,73,75,76,75,75,75,74,71,69,63,62,59,56,55,60,70,78,84,92,88,76,66,60,56,48,55,91,103,165,233,203,194,168,132,24,39,16,19,17,24,21,12,32,41,11,29,30,59,105,111,99,119,153,151,51,26,16,0,1,0,1,2,3,7,5,4,124,152,130,124,133,125,137,127,133,146,155,158,172,173,177,185,194,196,196,197,202,198,195,194,192,190,189,188,190,194,195,196,189,191,196,196,196,176,175,174,171,173,164,29,30,37,33,37,40,40,37,42,39,39,46,49,52,44,54,48,73,178,184,181,184,180,178,178,183,182,188,181,183,182,194,193,135,30,35,44,23,22,29,83,26,32,33,31,35,34,34,34,34,33,34,34,32,31,31,31,31,31,34,36,34,38,35,32,136,177,177,176,175,174,175,182,184,182,181,181,189,187,189,191,188,168,147,149,147,146,150,151,152,140,142,147,145,148,151,151,157,162,163,168,167,174,179,187,183,187,198,156,156,146,197,211,146,160,147,148,151,152,151,151,151,149,149,151,152,151,148,145,142,133,131,130,135,142,147,152,152,152,149,145,144,145,148,153,152,150,146,144,158,154,152,152,151,150,149,150,153,155,157,158,158,157,157,156,154,152,151,151
171,168,160,157,151,143,130,121,106,91,91,104,120,135,145,150,147,148,152,157,155,161,171,177,183,186,186,186,183,179,173,172,168,166,161,160,160,161,160,157,150,137,126,112,103,102,101,101,98,91,85,84,82,81,80,81,83,84,89,90,90,89,82,81,78,76,73,67,66,64,62,61,65,75,86,91,97,90,77,68,62,58,63,68,82,99,238,211,189,176,167,130,37,22,15,16,23,37,56,79,82,71,83,82,92,102,135,132,119,87,39,22,24,25,11,0,1,0,1,2,3,7,7,31,128,133,131,132,136,139,135,127,135,149,150,156,173,167,175,179,187,192,195,196,199,195,191,190,189,187,183,186,189,193,192,191,190,189,197,197,197,181,176,176,174,176,163,27,38,36,34,39,43,43,41,35,36,43,44,48,51,55,82,159,187,190,191,184,182,178,176,175,178,189,186,176,180,181,193,192,152,73,38,31,36,30,98,72,43,32,33,30,34,36,35,34,33,34,34,34,32,31,31,31,31,31,33,34,34,28,28,77,178,171,172,175,177,175,178,184,184,181,178,176,184,183,185,190,187,165,141,141,139,139,144,146,133,138,132,137,135,141,149,152,152,146,159,168,170,173,177,187,191,188,197,161,153,157,188,220,156,146,146,148,150,151,151,150,150,150,149,152,151,149,146,145,142,133,131,131,136,144,149,150,150,149,148,147,146,147,150,155,152,150,147,147,151,154,152,152,152,151,149,150,152,155,158,159,160,159,159,158,156,155,153,154
170,163,159,154,144,133,119,107,96,88,94,109,123,136,144,141,139,140,146,155,153,161,170,177,186,191,190,190,188,185,180,177,171,166,161,159,159,159,159,156,151,138,125,111,102,102,103,104,102,97,93,92,89,87,89,90,94,100,102,102,101,98,94,91,86,85,81,76,76,75,70,68,72,81,89,93,98,90,80,71,66,63,61,64,71,84,190,232,168,129,121,152,113,89,80,85,101,102,99,92,80,64,69,91,108,141,157,129,87,21,3,12,19,32,4,0,2,0,1,2,3,7,7,57,130,126,127,138,134,146,136,131,139,152,158,152,168,167,172,174,181,188,189,190,194,190,187,187,186,187,181,182,185,189,187,186,186,189,197,198,200,189,178,179,177,173,187,54,31,36,35,41,43,43,34,40,36,37,40,47,46,45,174,197,201,191,189,185,182,178,177,177,177,185,187,182,176,185,182,182,188,156,29,36,33,75,142,50,29,33,33,29,32,37,36,35,34,34,35,35,33,32,32,32,32,31,31,31,33,31,37,148,172,172,172,173,176,177,181,185,187,184,178,176,177,179,178,185,191,164,136,134,132,128,128,126,120,120,131,138,141,145,151,152,148,156,155,166,173,175,175,180,191,195,202,167,152,169,181,219,184,143,146,147,148,150,149,147,147,149,150,149,147,149,146,145,142,133,131,132,138,147,152,154,151,147,145,145,146,150,151,154,152,150,148,151,154,154,152,151,152,150,147,147,149,153,158,160,161,161,160,159,158,157,156,156
168,163,158,150,142,127,107,88,87,89,97,108,122,135,140,133,130,131,139,150,154,163,168,175,184,188,189,189,188,186,180,177,172,167,160,158,155,156,156,153,148,136,127,114,106,107,108,110,110,106,104,102,99,96,97,97,101,109,116,115,112,108,104,99,93,93,91,86,87,86,83,81,84,93,97,102,107,100,91,83,79,76,75,70,86,102,115,159,145,118,118,132,175,155,116,88,82,79,80,68,70,70,86,103,136,132,123,128,15,35,10,7,21,44,2,0,1,0,1,2,3,7,6,114,137,126,126,141,132,139,133,129,136,146,156,146,162,160,161,167,175,179,179,181,187,185,186,186,186,186,181,176,179,183,183,183,187,192,195,199,203,195,179,178,178,170,87,32,27,36,36,40,38,34,40,46,56,80,77,74,88,116,200,198,189,192,187,185,181,173,175,176,177,178,183,188,185,181,184,184,188,193,86,28,108,182,62,43,31,33,33,28,30,34,35,36,37,35,36,35,34,33,33,33,33,31,29,29,32,29,89,180,172,171,172,176,174,177,181,184,185,182,178,176,174,176,171,179,192,162,129,126,124,121,122,120,118,115,121,130,135,141,147,150,133,149,154,164,173,174,180,182,186,197,194,160,156,185,188,217,178,144,145,145,147,148,148,145,144,146,148,146,145,147,147,145,142,133,131,133,139,149,155,152,149,147,143,143,144,146,148,153,152,150,149,152,156,154,152,150,150,146,143,142,144,149,155,159,160,160,159,159,158,157,155,156
167,164,159,151,140,123,104,86,85,94,99,111,124,135,139,133,122,124,132,146,152,162,166,171,178,185,187,187,186,183,177,176,171,164,156,155,154,148,149,148,143,135,126,120,113,112,116,115,113,113,111,108,104,100,103,103,108,115,122,125,125,118,109,102,95,93,95,95,94,93,87,88,92,99,105,111,116,114,105,100,94,92,93,95,109,98,93,110,114,101,80,143,123,137,161,111,113,81,79,133,110,112,125,115,118,116,127,81,0,5,10,9,11,31,0,0,0,0,8,0,4,1,20,141,143,126,126,145,127,143,136,129,137,139,145,144,151,152,160,159,166,173,174,175,178,183,178,178,179,182,184,179,173,178,182,180,185,192,195,197,200,197,185,183,178,180,48,29,36,40,31,42,37,23,139,185,177,185,190,196,196,201,199,197,197,192,188,186,178,174,176,174,175,178,185,186,186,179,184,189,189,181,77,89,163,175,56,128,28,35,32,29,32,33,34,36,37,39,36,34,36,35,31,29,33,20,38,30,26,26,151,174,172,173,172,174,178,178,179,181,179,174,171,173,172,177,171,175,191,160,126,120,117,113,110,108,110,110,114,126,131,134,140,141,145,154,161,168,170,173,178,185,196,195,189,167,147,172,195,215,157,151,144,145,146,146,147,144,144,145,144,140,141,146,149,145,139,132,131,135,142,151,155,154,149,148,141,140,141,142,147,150,151,150,152,152,156,154,150,149,148,147,141,138,141,146,153,157,160,160,160,158,157,157,157,157
165,163,159,153,141,125,105,93,87,94,102,111,122,132,139,133,120,120,126,138,145,154,165,167,171,174,179,179,178,176,172,171,166,159,155,153,150,148,140,140,137,131,123,117,112,113,114,112,111,112,109,107,103,100,104,105,110,117,123,126,125,119,111,103,96,93,95,95,94,94,95,95,97,103,110,116,118,115,113,108,103,101,101,99,107,100,102,107,104,98,125,116,104,111,112,212,66,92,167,146,131,121,101,99,107,111,123,76,0,4,4,8,15,28,0,0,0,0,0,0,6,4,47,147,152,129,120,147,132,137,135,132,126,133,131,133,136,136,142,144,150,157,166,172,178,179,178,175,170,168,174,176,175,176,179,183,187,193,199,198,199,202,185,178,177,184,171,98,29,35,38,28,92,154,180,181,175,181,187,193,195,193,195,195,195,192,188,186,178,171,175,175,177,175,181,183,183,187,189,188,185,190,139,165,160,85,63,166,43,31,29,34,36,33,34,35,36,36,36,36,34,34,32,31,34,35,29,35,27,123,177,169,169,171,172,173,172,173,175,179,181,178,173,169,167,170,164,167,180,161,129,119,119,111,111,104,103,112,120,122,129,140,143,133,147,156,163,170,173,178,182,183,194,197,192,165,158,167,200,211,175,143,143,144,144,145,146,144,144,146,143,140,140,145,147,148,141,134,133,135,142,151,155,154,149,148,139,137,137,140,147,153,152,152,152,154,156,156,154,150,148,148,145,138,139,144,151,155,158,159,158,157,157,157,157,157
164,163,161,153,143,128,110,98,90,95,102,112,120,126,133,132,119,117,122,134,141,151,156,159,163,167,168,168,168,167,162,161,157,150,145,143,139,136,133,128,126,122,117,112,108,109,107,106,106,107,105,103,100,98,99,100,106,114,122,125,124,118,111,103,94,92,92,92,93,93,95,94,96,101,110,114,115,110,109,105,100,99,103,101,103,101,103,102,99,103,97,90,103,105,96,217,163,8,155,155,132,123,106,106,107,109,116,68,0,4,0,7,20,23,0,0,0,0,1,2,4,2,56,150,150,130,122,149,135,141,135,144,130,124,127,129,126,130,133,141,146,152,159,168,176,173,177,174,172,171,170,175,177,175,180,182,185,193,199,199,198,204,188,169,180,177,175,193,139,82,102,127,167,195,183,180,178,180,184,189,193,192,193,195,195,192,188,186,178,178,179,175,174,174,180,181,181,186,187,188,187,185,184,173,171,137,170,92,63,41,30,38,32,33,33,34,34,34,36,36,33,34,33,34,36,32,31,31,52,175,178,171,173,170,170,172,169,170,174,179,175,175,173,170,167,166,164,166,179,161,119,114,111,110,115,108,110,112,117,125,132,140,140,140,156,164,170,176,172,178,186,189,192,195,180,176,157,159,200,205,196,138,141,141,142,143,143,143,145,145,142,138,137,142,144,150,143,135,133,135,142,151,155,153,152,148,137,134,133,137,146,154,151,155,155,157,159,159,155,153,150,150,147,142,136,141,148,152,154,156,156,155,156,156,157,158
165,166,165,162,153,142,127,114,109,113,116,124,129,133,139,134,121,120,126,143,149,156,153,141,143,145,145,146,147,146,145,145,140,133,129,128,126,125,125,128,125,120,113,107,101,100,99,98,99,101,99,98,96,94,94,96,102,111,119,122,121,115,109,101,91,88,88,88,89,90,92,92,96,102,106,111,113,109,105,101,97,97,94,97,98,99,98,99,95,97,92,94,97,89,94,209,220,46,96,151,133,126,98,104,107,114,109,40,5,0,3,6,20,17,0,0,0,0,2,1,0,4,100,147,150,144,115,148,141,143,137,147,141,136,123,122,115,129,130,143,147,153,162,167,172,170,169,169,170,172,171,176,178,179,181,184,188,193,196,198,199,201,193,162,182,177,174,181,178,197,186,182,184,187,184,180,179,185,186,188,191,195,191,189,192,192,188,186,178,180,180,175,173,177,183,184,185,183,183,185,187,185,180,182,84,47,92,150,140,49,27,38,33,33,33,33,33,36,34,33,34,33,35,37,37,34,34,26,88,176,170,173,173,169,169,170,164,166,171,178,174,170,167,166,166,164,166,170,181,165,110,98,102,114,113,106,107,107,113,126,138,145,143,150,159,167,172,177,181,180,184,190,192,198,181,183,158,167,192,201,202,142,140,139,140,141,142,143,147,146,140,137,134,139,146,147,143,134,131,135,142,151,155,153,153,148,138,133,131,137,146,154,152,157,158,160,160,160,156,155,153,151,148,142,138,138,145,149,151,153,154,154,155,156,157,159
163,163,162,161,157,145,128,120,118,119,122,125,127,132,138,144,123,121,128,144,152,156,153,145,126,127,130,129,129,130,133,132,131,130,124,123,121,120,123,128,126,117,109,104,100,99,98,96,94,94,95,92,90,90,91,97,103,111,117,123,121,115,115,107,99,88,80,83,82,82,82,85,90,94,99,106,111,108,98,93,88,87,86,87,89,90,92,90,86,82,85,84,85,88,90,217,224,196,1,128,123,119,109,102,111,108,82,0,3,0,0,14,17,4,0,50,0,12,5,2,0,14,140,147,149,141,111,142,140,146,138,151,138,151,135,130,127,137,142,147,152,151,167,169,171,169,164,170,164,172,172,175,177,181,183,187,187,197,193,198,198,200,195,168,182,175,179,178,183,186,186,187,187,191,182,180,181,183,185,189,192,192,191,190,191,191,189,183,182,179,181,176,173,178,180,183,186,185,183,178,180,181,179,176,174,178,176,180,181,104,35,18,42,33,32,31,29,34,34,31,36,40,25,33,41,36,39,30,141,174,170,171,173,167,165,165,166,169,170,174,172,165,165,157,161,165,167,174,180,167,110,82,88,109,104,105,115,119,122,127,138,149,148,165,169,175,176,180,179,183,186,189,195,196,169,180,168,168,184,200,210,138,136,136,137,138,138,144,146,149,144,136,135,144,148,149,142,134,130,136,142,150,153,154,154,147,137,132,130,134,144,153,152,156,157,163,163,160,157,156,153,154,151,144,139,136,141,146,150,151,152,154,157,157,158,159
167,166,165,161,160,154,144,135,135,135,136,134,135,138,141,142,129,124,133,145,153,157,155,145,136,119,120,119,119,121,126,126,127,128,128,127,125,124,124,125,128,120,111,104,96,94,91,89,87,87,87,85,83,83,89,95,100,109,117,122,120,118,120,116,109,97,83,79,76,75,75,77,81,86,91,98,102,98,87,81,75,73,72,73,74,76,77,76,74,73,74,74,75,77,69,207,219,228,23,84,144,131,119,113,103,111,50,0,2,0,0,4,17,17,10,97,14,4,1,7,11,20,125,146,151,149,117,139,135,138,133,142,136,156,143,141,136,145,149,145,155,156,163,166,168,166,162,164,160,170,173,173,173,177,181,184,188,195,193,196,196,197,198,171,178,177,182,179,184,181,179,180,185,187,182,186,191,188,186,187,191,188,190,191,189,189,186,181,182,177,180,177,176,179,181,182,182,181,181,177,180,183,182,180,178,178,176,180,181,132,29,27,33,33,32,31,29,30,32,31,29,28,34,29,33,36,35,39,152,172,170,168,168,169,172,172,175,166,166,166,166,163,166,165,167,163,165,170,175,170,121,82,80,86,104,106,106,122,132,130,146,146,152,167,173,175,176,187,186,187,189,190,200,199,172,190,163,161,191,191,214,170,133,133,134,135,141,143,146,147,141,140,139,144,146,146,139,131,128,134,140,148,152,151,152,145,134,130,128,133,144,154,153,157,159,161,163,162,160,158,157,154,153,146,141,137,142,147,148,149,150,152,154,155,157,159
168,167,166,164,160,154,148,142,142,142,141,140,139,139,147,139,127,126,138,145,153,157,160,149,138,127,122,122,124,126,129,130,133,134,132,132,131,131,131,132,133,124,114,104,93,90,90,88,86,85,84,83,82,82,87,93,98,106,115,119,120,124,135,131,126,115,96,82,74,74,73,73,77,83,90,96,99,93,82,75,67,62,63,63,64,64,65,65,66,67,67,67,68,71,67,181,221,215,146,69,145,129,123,118,116,109,16,1,0,0,2,1,12,49,114,103,56,1,11,20,59,142,137,148,143,146,131,137,132,130,135,134,133,152,147,150,142,149,146,154,151,156,163,164,163,158,157,163,166,167,168,174,177,179,181,180,181,189,191,193,195,199,201,181,172,179,185,180,186,179,175,175,183,185,182,186,189,190,189,188,190,185,188,190,186,186,182,178,182,175,179,178,178,180,182,181,177,174,176,173,174,175,175,175,174,178,176,180,181,99,32,32,24,32,31,31,30,26,28,34,34,33,32,32,26,32,26,96,167,170,173,168,167,171,172,168,171,159,162,162,159,157,155,158,163,166,171,165,171,164,138,120,96,113,119,129,129,126,126,142,149,147,161,171,179,187,188,189,189,192,195,195,191,201,169,198,164,162,176,199,200,178,131,130,130,137,139,141,142,142,136,136,141,145,147,143,134,126,126,130,137,146,151,149,148,141,130,126,125,131,143,152,152,156,159,162,163,162,160,159,157,156,154,148,142,139,144,147,150,151,152,153,155,156,158,159
165,164,162,159,157,153,149,145,146,146,143,144,143,143,143,136,126,125,136,143,151,155,158,154,149,137,125,127,129,133,137,138,139,140,142,142,142,143,141,142,139,128,115,104,93,92,90,88,86,86,84,83,83,84,87,93,98,107,114,117,119,129,133,125,119,115,111,86,75,75,74,72,75,83,93,99,100,93,85,77,66,60,62,62,62,61,62,63,63,64,66,66,67,70,70,145,215,213,190,174,157,152,126,115,104,102,12,5,0,0,0,4,37,60,109,94,113,86,112,131,143,130,137,143,148,148,143,138,133,131,136,130,136,150,149,155,144,150,149,149,152,149,158,161,165,164,162,159,161,162,171,173,179,180,177,180,181,180,188,191,197,198,201,191,168,180,185,181,187,180,178,179,181,182,181,185,188,186,190,192,190,185,185,185,185,183,179,176,182,177,181,179,178,177,180,181,176,176,178,173,170,175,175,176,177,178,176,180,181,166,54,29,33,31,31,31,31,34,66,22,36,34,29,69,128,146,160,177,156,164,172,166,168,169,169,170,170,169,168,164,161,160,154,161,163,167,169,169,166,150,136,134,132,117,132,141,135,138,134,133,140,150,168,173,179,187,187,188,189,194,198,201,187,201,170,204,173,164,188,188,206,204,132,130,128,132,135,137,137,138,132,136,143,146,144,139,130,122,123,127,134,144,150,147,145,137,126,123,123,129,139,148,153,154,157,161,161,161,158,158,157,154,153,147,141,141,145,148,149,150,152,153,155,154,154,153
159,154,150,149,148,144,139,140,139,138,137,137,139,137,137,131,124,123,130,140,148,149,152,156,149,147,139,135,138,139,143,145,148,151,149,149,149,149,150,147,142,129,117,105,90,89,88,87,85,83,82,82,82,82,85,91,97,105,114,116,117,125,134,124,113,112,108,84,74,73,72,71,75,83,90,97,96,94,83,74,63,59,59,61,62,62,61,61,61,61,63,64,65,67,78,129,215,210,206,164,157,144,142,113,103,109,43,0,8,0,1,43,124,121,110,97,115,113,118,125,141,142,139,142,147,142,147,148,132,132,122,126,137,141,144,152,150,143,165,160,158,149,149,155,155,155,150,158,160,166,168,179,179,182,183,184,183,182,184,190,195,196,199,195,171,182,181,182,188,184,175,176,183,180,181,184,188,182,191,193,191,187,186,185,183,182,178,176,180,182,180,179,179,178,178,181,176,180,178,172,166,168,174,178,175,177,177,178,179,176,160,82,41,43,28,32,40,109,86,48,23,25,99,173,174,176,170,166,167,161,166,169,174,168,170,176,169,166,170,166,167,156,158,161,166,168,157,173,173,148,133,136,146,152,140,143,132,138,123,128,146,167,173,181,190,191,187,187,191,191,196,198,191,201,147,202,179,165,177,190,194,209,167,121,124,133,130,132,135,134,132,136,140,141,140,133,129,120,122,126,132,141,143,141,140,134,123,118,118,125,132,143,148,150,152,155,157,155,153,153,153,153,150,147,143,140,145,146,148,150,152,153,153,152,150,148
155,150,146,146,144,139,134,138,139,138,137,136,134,133,134,130,123,123,129,138,144,144,151,158,150,148,146,143,138,141,142,144,147,149,150,150,150,150,149,146,140,127,111,97,83,82,84,83,82,80,81,81,81,81,84,90,95,104,111,114,115,119,124,120,113,107,99,81,73,73,72,72,75,82,90,97,95,92,80,72,62,58,59,61,62,62,61,61,61,61,63,64,65,67,71,104,207,203,215,91,180,154,131,129,111,106,91,92,118,104,132,148,135,122,110,105,119,112,121,125,137,143,141,145,151,145,152,153,137,134,128,127,122,132,137,145,149,146,154,154,158,151,150,155,155,155,154,163,166,167,173,180,180,179,178,179,183,184,186,191,197,196,199,199,175,180,184,185,191,188,179,179,182,183,183,183,185,183,190,192,190,189,186,183,184,181,178,176,180,180,182,182,180,179,179,181,177,177,176,174,172,172,172,172,171,175,175,176,177,179,183,173,161,164,116,64,131,173,155,100,55,110,179,170,166,168,166,165,167,164,165,167,168,167,171,171,163,164,166,160,159,156,161,163,169,165,159,170,172,156,121,120,143,142,143,146,137,137,137,149,155,168,171,178,192,193,188,191,191,193,191,191,196,194,121,197,182,162,168,186,186,207,148,128,128,129,128,130,132,133,129,135,139,137,133,129,124,116,118,124,130,139,138,135,135,128,118,114,115,122,129,138,142,147,149,151,151,149,148,149,151,149,148,149,141,139,144,145,146,148,150,150,149,148,145,143
149,144,139,141,136,129,126,129,132,133,127,126,125,125,129,127,122,123,127,134,139,140,150,159,154,150,150,146,141,143,141,142,144,146,149,149,150,148,148,144,138,124,108,91,80,79,79,78,78,77,80,80,80,80,82,88,93,101,107,112,112,111,110,111,106,95,84,75,71,73,72,73,76,80,88,94,91,88,76,68,60,58,59,61,62,62,61,61,61,61,63,64,65,67,63,98,208,192,197,168,198,170,141,134,124,118,112,119,126,131,129,135,121,128,102,111,125,121,127,129,135,142,143,146,156,159,150,160,153,140,129,134,124,125,135,136,139,135,141,144,154,152,155,158,156,157,161,166,173,171,174,175,176,175,173,174,180,181,183,188,194,198,200,203,183,179,188,186,192,188,180,178,181,182,184,182,181,183,189,188,188,190,187,184,185,179,177,176,178,178,182,184,180,179,177,179,177,179,176,172,171,173,171,172,177,177,177,178,179,181,171,174,171,174,176,173,177,184,167,159,147,177,159,170,167,167,165,162,161,163,160,165,163,166,171,166,158,164,166,164,159,165,168,168,156,169,112,150,179,166,127,122,128,148,141,140,154,156,164,162,167,173,174,179,183,188,187,189,192,195,197,191,200,182,124,173,193,171,154,187,173,205,157,131,126,127,126,125,128,126,126,136,135,132,131,123,119,112,115,121,127,135,131,128,128,121,113,112,114,120,128,135,138,142,143,144,144,143,143,144,146,143,141,144,147,138,139,142,142,144,146,146,145,143,140,137
144,138,133,133,129,121,119,123,128,127,120,117,118,119,125,125,122,123,125,129,138,142,150,160,156,151,152,149,143,140,141,140,142,143,145,146,148,147,147,143,135,121,104,84,76,74,77,77,77,77,78,78,78,78,80,85,91,99,106,113,111,106,103,101,94,82,70,70,69,72,71,74,77,79,84,90,86,82,72,65,59,57,59,61,62,62,61,61,61,61,63,64,65,67,67,77,209,190,191,182,167,189,158,155,135,123,104,121,126,131,133,127,126,128,100,115,124,125,133,139,138,140,147,143,149,160,153,158,156,156,138,140,138,134,142,138,141,137,137,136,146,151,161,162,159,161,164,164,173,176,174,172,173,174,174,175,176,183,185,190,196,202,201,203,192,183,190,188,194,191,182,179,182,182,185,181,181,184,187,186,187,187,189,189,184,177,177,177,177,177,178,179,180,177,174,175,174,175,171,169,172,175,173,172,173,176,177,177,178,173,171,170,176,169,178,170,154,164,166,170,167,163,160,137,173,165,164,163,160,156,159,164,164,166,170,164,164,166,162,163,167,172,167,167,152,125,30,91,148,170,125,124,114,147,146,137,135,144,154,160,167,173,176,176,179,187,190,193,195,199,202,194,200,183,122,149,196,169,157,168,172,203,131,127,120,120,120,122,125,124,127,131,132,130,128,126,117,110,114,119,124,128,127,125,124,118,114,115,118,123,125,131,136,137,139,137,135,134,134,136,138,138,139,139,139,138,133,138,139,141,143,143,144,141,137,134
139,132,122,126,124,119,116,122,128,120,117,116,115,115,120,121,123,125,126,133,139,143,149,158,157,152,150,146,142,139,142,139,138,140,144,145,146,145,145,140,133,118,105,89,79,81,77,77,77,77,79,77,76,76,79,85,89,97,107,112,115,110,103,95,83,72,70,71,72,73,78,77,77,79,82,82,84,78,68,63,58,57,58,58,59,59,60,60,61,62,62,63,65,67,67,56,219,180,181,199,157,203,190,177,142,131,113,114,115,129,140,122,122,129,109,121,131,129,141,144,143,142,146,149,141,148,153,154,165,165,156,152,148,147,150,147,139,144,142,142,140,156,161,161,156,161,167,166,174,176,174,171,169,172,175,177,178,178,180,185,193,196,201,202,198,185,190,192,196,187,180,179,181,181,177,178,182,178,182,185,185,186,187,185,181,180,178,175,173,177,177,177,177,176,174,175,173,174,174,173,172,168,170,172,173,176,173,173,175,174,174,171,168,168,174,124,138,165,164,154,170,174,154,70,168,155,158,160,154,150,163,163,164,166,166,159,168,167,162,170,158,172,174,129,45,33,26,53,103,160,135,113,119,136,154,157,156,149,147,154,174,176,172,177,182,184,190,189,193,197,196,206,199,176,123,145,176,141,137,149,163,185,121,117,118,118,119,122,122,124,125,125,126,125,124,123,121,113,117,121,124,126,121,120,118,116,114,117,121,125,127,127,129,130,129,129,127,126,127,129,131,131,133,132,132,131,130,132,134,136,138,140,139,138,135,128
135,129,120,122,130,119,118,129,123,114,110,111,110,111,118,121,121,121,122,128,134,138,146,155,153,154,149,144,140,137,135,138,138,140,143,144,144,144,144,140,133,118,103,88,79,80,78,78,78,78,80,79,78,78,78,84,88,96,105,110,113,109,103,96,83,72,71,72,74,75,77,76,76,78,83,83,84,77,68,64,59,58,60,61,62,62,61,62,62,63,63,64,65,67,69,71,127,190,185,189,178,182,204,194,155,130,120,120,132,138,133,132,116,134,120,126,131,129,143,148,148,148,154,152,148,147,149,155,160,168,166,165,161,156,151,152,147,150,146,147,145,150,152,160,162,160,166,166,171,175,178,176,174,174,177,180,181,180,179,183,193,197,202,203,204,187,190,189,192,183,178,182,183,182,177,182,181,176,180,183,183,187,184,181,180,179,178,175,174,176,176,176,176,177,172,173,174,173,172,172,171,175,174,171,169,174,173,172,174,171,171,171,169,168,169,168,171,157,165,158,168,170,166,121,155,156,156,156,151,159,164,160,162,156,163,167,167,172,169,168,163,172,131,60,45,35,25,38,70,152,147,124,109,133,145,158,147,154,163,166,163,168,175,175,171,180,186,190,193,192,195,197,202,168,122,126,151,133,131,141,171,174,135,124,116,114,118,120,121,122,122,121,122,124,124,122,121,116,119,124,123,121,118,116,114,112,113,115,120,124,130,127,125,125,124,123,122,121,122,123,124,125,127,130,126,126,127,127,130,131,132,133,135,135,133,129
130,126,117,118,124,124,124,122,118,107,103,105,109,111,123,123,121,119,117,123,128,134,145,149,148,150,146,141,136,135,134,136,138,140,142,142,143,143,142,138,132,118,106,93,84,84,81,81,81,81,82,83,83,80,80,85,88,95,103,109,113,110,105,98,85,75,72,74,76,79,81,80,81,83,84,83,83,76,68,64,60,60,61,62,64,66,64,64,65,66,69,69,69,70,70,68,58,182,178,176,191,186,202,197,178,139,136,126,140,148,131,122,119,134,122,129,137,139,145,153,157,156,156,154,156,156,160,163,162,170,167,169,170,168,158,159,152,152,156,150,151,157,161,159,160,161,165,167,171,176,178,177,175,177,180,184,185,185,183,184,192,195,199,204,209,193,187,188,191,182,181,185,185,182,179,178,179,175,179,182,182,185,181,178,178,178,177,176,174,175,174,173,172,175,169,170,173,175,174,173,173,173,171,169,171,171,172,172,171,168,169,169,168,162,167,170,135,39,100,155,135,90,35,140,148,157,155,155,164,150,162,161,159,160,168,167,168,169,167,175,171,147,97,63,53,48,38,35,69,125,159,119,107,136,149,158,160,159,160,161,166,164,168,178,174,176,183,189,195,195,194,191,206,154,131,123,131,136,148,159,173,165,134,122,114,115,118,120,121,124,124,121,123,121,120,119,117,114,114,123,118,113,111,110,108,106,107,111,116,121,128,127,124,123,121,120,116,115,114,115,117,117,119,122,122,120,122,124,125,131,131,130,131,130,129,128
128,125,117,116,118,118,122,121,118,106,101,105,109,118,121,120,118,113,109,115,119,126,139,144,143,146,144,138,132,132,130,130,136,140,140,141,141,141,140,137,132,119,107,95,87,85,83,83,83,83,83,86,86,83,83,87,90,96,104,110,114,112,110,102,90,79,73,75,79,81,83,82,82,84,85,84,83,76,67,64,61,61,60,61,64,66,66,66,67,68,69,69,68,68,66,67,66,110,181,171,193,183,196,189,202,156,149,143,153,156,130,116,129,128,121,132,144,145,144,155,161,161,161,162,156,160,162,160,166,171,173,171,169,169,167,166,161,167,164,162,167,161,163,157,162,170,167,171,167,175,179,177,176,179,183,187,190,191,191,190,189,190,202,204,207,203,181,185,187,180,181,185,185,183,180,178,178,176,180,183,183,181,180,178,175,177,176,176,175,174,173,171,169,167,165,168,168,172,171,171,170,172,168,165,167,169,171,172,170,169,169,168,165,162,166,170,113,28,12,40,27,19,20,146,154,162,151,151,163,148,159,157,151,162,161,163,169,170,167,171,154,136,81,80,71,64,49,36,65,116,148,127,128,132,151,156,160,158,158,162,166,169,164,169,174,176,183,187,193,197,194,194,207,140,130,130,121,137,160,165,178,159,130,122,118,116,120,123,124,129,123,120,119,116,115,114,112,110,112,116,115,109,106,105,102,100,101,104,111,116,121,121,121,117,115,113,113,112,110,111,115,115,117,120,118,119,120,121,126,129,130,128,130,127,125,125
126,123,115,114,115,115,119,121,117,105,100,105,107,113,118,117,112,105,100,104,112,125,135,139,142,142,143,132,125,127,127,129,132,137,139,140,141,139,139,137,129,119,108,98,87,86,82,82,83,84,86,87,87,85,82,84,89,95,107,109,115,113,109,103,94,82,74,77,80,82,83,83,82,84,85,86,82,75,65,62,59,59,59,61,64,64,64,65,66,66,68,68,70,71,69,70,72,73,176,167,184,160,180,194,201,170,148,150,156,155,111,129,129,126,125,132,152,149,148,156,161,163,165,164,160,164,162,166,170,172,166,173,164,163,166,165,167,171,169,174,166,168,166,161,167,177,177,168,168,171,178,179,179,180,184,186,190,195,197,196,190,196,204,204,208,206,188,180,187,182,183,182,185,185,179,180,180,177,180,182,183,181,177,174,174,174,175,170,170,170,171,166,163,158,164,170,171,167,168,170,171,169,165,169,169,173,174,170,162,169,165,166,166,162,162,166,140,17,20,19,19,20,40,157,162,162,150,145,149,147,156,149,154,158,155,164,159,174,171,165,142,147,102,93,89,79,63,43,52,106,137,137,125,126,145,152,169,171,166,165,170,163,159,164,171,175,177,184,186,192,196,190,209,135,124,137,121,126,158,176,179,139,135,134,126,121,122,124,127,127,121,119,116,113,111,112,109,104,106,108,116,110,107,104,101,100,104,104,106,111,118,118,118,118,117,115,114,113,113,112,113,113,115,118,121,122,123,125,127,131,129,127,124,124,123,122
131,127,117,114,115,115,119,124,116,105,102,107,106,111,115,114,109,101,96,101,110,123,133,137,139,141,137,126,120,122,122,125,128,133,137,138,140,137,134,132,124,114,106,97,87,85,82,81,81,83,85,86,86,84,84,86,91,97,106,109,115,113,110,103,95,83,78,81,84,86,83,82,81,82,86,86,83,75,66,62,58,58,59,61,62,61,63,63,64,65,64,65,67,68,68,68,67,67,89,191,171,186,179,197,202,177,149,151,157,138,115,126,124,128,118,132,152,153,148,156,160,163,171,172,166,162,166,165,166,169,175,172,168,168,166,172,177,174,177,180,172,170,171,169,176,182,179,171,173,182,185,188,186,180,185,187,190,196,199,200,197,198,201,200,205,206,191,177,186,182,183,179,182,183,179,180,179,180,181,181,179,179,177,175,173,171,172,170,171,166,167,162,160,165,162,160,164,167,167,166,166,170,168,171,171,170,169,165,162,163,161,164,165,166,166,164,149,19,12,22,17,16,100,166,168,154,150,150,141,145,153,149,155,155,161,159,162,170,153,167,157,133,107,113,108,95,79,54,51,90,115,151,128,130,145,150,163,167,167,167,160,170,166,167,169,170,179,184,186,190,197,190,197,133,132,134,128,125,156,173,176,147,133,133,125,123,124,126,130,125,121,116,112,108,105,106,103,100,103,104,111,113,107,106,106,107,108,106,106,109,110,112,114,116,119,118,117,116,115,115,114,113,114,116,120,123,124,126,128,131,129,126,124,124,123,123
134,129,117,116,117,119,121,122,119,110,108,110,108,107,109,108,102,95,90,96,105,119,130,135,137,137,132,120,116,119,120,123,127,131,133,138,137,136,133,131,124,115,104,98,89,86,84,81,80,83,85,86,86,84,85,87,92,98,105,108,115,114,110,104,97,86,79,82,86,87,85,84,82,82,83,84,80,73,66,62,57,57,55,57,58,57,59,59,60,61,61,63,65,68,72,71,68,67,61,120,188,177,178,190,212,184,161,152,146,123,118,127,121,126,107,133,151,155,148,155,159,165,170,176,174,169,175,171,168,170,174,168,167,166,169,169,171,174,173,176,175,173,176,179,187,183,182,179,177,184,191,195,193,189,192,191,192,194,196,199,195,192,196,197,201,203,192,174,183,180,183,177,179,180,178,178,177,173,176,178,179,175,174,173,172,169,170,168,170,172,171,162,157,157,159,161,159,157,159,163,166,165,167,167,167,171,168,165,164,161,161,167,168,166,161,166,133,15,14,16,22,44,151,159,165,151,152,142,139,147,145,144,155,154,162,158,156,164,138,156,149,119,120,127,125,110,97,70,45,78,92,138,117,126,143,149,172,173,168,172,176,170,165,164,164,167,173,175,181,198,197,188,175,130,133,127,127,122,144,140,167,157,134,134,126,122,124,128,127,124,120,114,109,105,103,104,101,98,101,102,105,111,111,112,114,117,113,110,108,109,110,112,116,119,122,123,121,121,120,119,118,116,116,116,120,124,126,127,128,131,128,125,124,124,124,124
137,133,122,119,121,122,125,125,127,118,114,113,108,104,104,102,97,89,84,92,101,116,127,132,130,132,126,113,110,114,115,119,124,125,128,132,132,132,132,130,124,115,106,100,94,90,89,84,81,85,88,88,88,86,83,85,90,96,104,108,115,115,111,105,99,88,82,85,89,90,89,87,85,85,85,86,82,75,66,61,56,55,55,58,61,63,62,62,63,64,64,65,69,72,70,69,68,67,71,61,169,177,178,172,228,183,163,159,141,119,118,132,124,120,97,133,147,152,148,154,159,166,171,176,175,173,176,173,168,165,165,172,166,162,164,166,169,170,175,177,179,175,176,183,192,188,191,185,186,188,196,201,203,203,204,198,196,195,195,197,201,194,195,197,199,201,191,170,180,179,184,178,177,176,178,177,174,172,173,173,171,174,168,165,170,170,170,166,167,167,168,165,164,161,160,158,155,152,154,159,163,165,170,167,169,169,168,165,159,160,161,167,165,161,158,153,138,19,6,19,58,104,165,165,149,141,142,135,130,140,136,150,151,159,153,164,165,176,143,126,141,126,132,139,140,126,120,94,64,53,96,122,107,121,136,141,155,161,165,171,168,173,171,166,162,163,168,168,192,192,198,187,157,127,128,128,117,120,135,131,156,163,140,138,128,122,123,124,124,123,119,115,111,109,107,108,105,101,105,104,105,107,112,118,120,123,117,114,112,113,114,116,119,120,124,125,125,125,124,123,123,121,119,118,120,122,127,129,129,130,127,125,124,124,125,126
143,140,134,130,128,130,132,131,130,125,122,115,109,106,104,99,97,87,83,89,100,112,123,126,127,129,120,110,107,107,111,113,118,123,125,128,131,131,131,129,123,115,107,104,99,96,92,89,87,90,90,90,91,91,87,87,90,97,105,109,114,117,113,109,101,94,88,91,94,93,94,91,88,87,90,89,84,77,67,63,58,58,60,64,69,71,72,70,68,67,65,70,75,76,77,76,74,74,70,78,95,190,177,159,211,193,159,160,140,125,126,136,122,109,104,135,146,151,149,154,159,168,174,179,182,180,186,183,177,169,170,173,171,161,158,166,165,167,169,170,174,171,171,188,190,190,188,195,196,195,199,203,208,208,209,208,203,204,198,198,201,201,198,199,197,197,194,165,173,180,179,182,180,175,172,171,170,168,167,166,167,165,167,167,165,165,166,165,163,158,167,174,169,161,163,154,151,152,157,165,170,170,168,167,168,170,163,164,163,161,156,163,169,157,158,158,139,77,13,55,126,156,155,156,150,139,131,134,147,137,145,151,144,154,145,165,178,168,149,117,138,137,141,133,150,132,134,113,86,47,88,86,126,121,121,150,147,153,158,167,174,165,166,171,170,170,173,177,189,186,186,191,127,124,126,122,120,122,137,140,172,131,153,125,118,121,119,120,119,119,118,121,114,110,109,108,108,109,112,110,108,110,112,120,122,124,123,120,116,116,116,117,119,123,126,130,129,129,129,129,128,124,123,122,126,126,126,129,129,129,127,125,125,124,125,128
149,145,138,133,132,134,135,136,135,131,128,122,115,108,106,102,99,89,84,90,97,103,110,118,121,122,119,110,107,106,110,111,115,121,123,126,129,132,130,128,125,115,111,109,106,102,102,98,95,96,98,97,96,94,91,91,93,99,104,108,113,116,115,112,105,99,96,98,100,101,99,97,94,93,92,94,90,81,69,64,59,60,64,69,74,77,78,80,80,76,73,77,82,85,85,84,84,83,81,85,88,151,178,153,181,205,156,156,134,139,131,132,114,98,98,134,149,151,149,154,157,166,175,178,180,179,183,185,186,185,172,171,177,164,159,158,155,159,164,166,172,171,174,176,185,184,190,195,198,200,200,203,206,213,214,214,211,208,204,203,198,198,197,199,197,194,186,162,170,179,180,180,177,174,171,169,168,169,168,168,169,172,171,167,162,163,166,169,170,174,172,169,166,161,162,158,156,157,159,160,159,160,160,162,165,164,158,158,156,151,156,162,159,160,151,145,143,149,138,154,158,154,156,157,160,127,125,135,138,145,150,145,147,145,153,170,171,149,135,124,102,144,134,144,132,145,135,126,92,68,57,93,120,125,124,135,151,158,162,169,172,181,175,175,170,169,174,168,189,189,179,193,118,124,122,120,118,120,126,131,165,135,142,134,124,119,119,118,120,120,120,119,116,111,111,112,114,117,119,114,111,111,113,116,126,128,128,126,123,122,122,122,122,122,125,129,129,127,129,129,128,124,124,125,123,125,128,129,130,127,125,124,127,127,130,133
155,151,145,139,139,139,140,142,142,133,132,128,122,113,108,104,100,89,84,85,91,96,105,108,116,120,123,115,111,109,112,111,115,121,122,126,128,132,132,131,125,124,114,112,110,109,109,107,104,102,104,103,101,99,97,96,97,101,105,109,114,117,119,117,113,109,105,105,107,109,105,103,100,99,97,98,95,86,77,70,65,67,71,75,81,88,93,97,99,94,86,87,91,95,97,99,100,99,97,95,104,104,178,173,162,214,144,147,144,154,136,127,110,98,116,140,144,150,152,155,157,164,171,172,173,173,178,180,183,183,182,176,181,165,145,147,153,156,155,148,150,156,169,186,185,188,193,196,199,200,199,200,202,207,211,213,212,214,212,210,203,197,198,200,199,193,179,157,166,175,177,175,174,172,170,169,167,166,165,166,168,167,166,166,166,168,171,176,178,167,171,173,169,162,161,162,162,155,157,159,159,164,163,162,163,160,158,154,152,159,157,154,156,154,151,148,148,149,156,154,150,147,158,154,152,138,131,133,144,139,151,145,153,151,163,151,159,148,134,148,118,127,152,146,121,151,141,138,105,88,60,82,112,116,137,135,146,156,165,173,180,182,183,183,179,180,168,178,191,185,178,188,114,126,119,118,117,117,111,121,141,127,126,136,131,123,121,120,118,121,122,122,120,118,115,117,121,122,123,116,112,113,115,119,123,131,133,132,130,128,127,126,124,122,125,132,130,128,125,129,129,128,126,126,124,126,132,133,132,129,126,127,129,129,131,134
164,161,157,154,151,151,153,149,145,140,136,132,125,118,110,103,99,88,82,79,83,87,98,105,115,123,130,123,118,117,118,116,118,122,124,127,130,131,135,133,130,125,122,117,117,116,114,114,114,112,110,110,110,110,109,107,106,109,108,112,117,120,122,121,119,118,115,114,114,118,115,112,110,109,109,105,99,95,86,78,72,76,84,86,94,103,104,105,106,104,104,102,102,105,108,112,114,112,114,112,111,113,145,185,157,225,165,148,161,160,126,114,107,107,132,151,149,151,156,158,159,165,172,172,171,172,177,179,181,181,183,180,179,172,157,144,140,144,147,144,144,137,133,167,183,187,192,190,199,197,196,195,196,201,205,210,210,210,206,208,208,201,197,193,194,189,170,153,161,169,169,171,171,170,170,170,168,164,164,166,168,170,169,171,174,171,173,174,173,174,172,168,163,163,159,162,161,154,157,162,165,158,157,157,158,158,158,150,149,153,160,155,148,142,149,148,148,148,148,149,148,158,165,159,152,145,142,129,135,142,144,144,150,161,165,149,161,138,141,143,140,114,135,133,126,132,144,130,113,92,91,60,93,115,131,137,153,162,167,170,174,176,179,187,183,184,180,172,180,191,181,166,117,120,118,119,118,117,120,124,127,126,123,125,131,130,126,123,120,122,125,125,121,119,117,119,122,125,126,121,117,115,116,121,124,124,133,134,132,128,126,126,124,125,131,136,134,130,128,130,131,131,127,127,126,129,135,136,138,135,132,135,135,134,134,135
170,169,166,164,162,162,155,149,145,140,138,132,130,117,110,99,98,91,80,80,80,81,89,103,116,126,131,127,124,125,122,125,126,128,129,131,131,133,133,138,134,132,124,124,123,123,122,122,122,121,121,121,121,119,119,118,117,117,117,119,122,125,125,127,126,122,122,122,122,122,120,119,118,118,112,111,108,104,101,95,90,93,96,98,104,111,113,115,116,116,114,113,114,116,117,118,119,120,119,119,119,117,114,162,174,227,198,167,166,163,136,111,115,127,145,158,161,153,156,165,163,167,174,174,173,173,172,176,170,175,180,181,183,185,188,181,169,159,165,162,164,157,145,134,187,190,191,195,198,194,192,190,190,185,191,198,201,205,205,205,207,202,193,184,186,191,143,152,162,159,167,165,167,168,169,164,168,167,164,165,170,172,171,172,176,176,174,175,173,174,169,165,164,163,159,154,151,150,154,158,159,158,157,160,158,148,153,151,157,161,153,148,154,147,142,145,144,147,149,152,145,161,159,161,146,144,141,141,145,141,146,157,155,164,158,145,139,140,142,149,149,133,139,145,144,134,148,130,110,114,107,79,70,116,123,133,155,166,169,176,177,182,189,186,186,179,179,177,172,184,186,128,111,126,122,121,118,116,116,116,120,126,127,125,129,137,134,130,125,122,130,133,123,122,121,119,123,127,128,127,123,119,121,123,125,128,130,132,134,134,130,126,131,131,133,140,138,136,137,137,135,136,127,127,129,133,141,136,143,143,138,138,139,140,137,136
172,171,169,167,163,158,152,146,143,137,137,132,121,115,106,95,93,87,78,73,75,77,87,102,115,127,132,134,134,131,128,130,131,131,132,132,133,135,135,136,137,136,130,128,128,128,128,128,128,128,128,129,129,127,126,126,125,124,125,126,129,132,131,133,132,129,128,128,128,128,126,125,125,124,121,120,118,114,111,106,103,104,105,107,111,117,121,123,124,123,123,122,121,122,124,124,125,125,126,127,126,125,122,122,196,188,201,164,162,161,151,122,127,142,152,160,162,159,159,166,164,168,172,170,167,167,167,166,158,163,181,184,188,192,184,189,191,184,175,174,174,165,156,135,166,186,195,197,199,196,192,186,181,183,184,189,195,194,196,199,197,192,184,185,182,187,136,146,158,159,164,161,164,167,168,167,168,172,170,170,174,177,175,174,174,178,175,175,170,162,163,162,160,161,159,157,155,159,154,152,156,156,152,153,152,153,150,152,154,152,150,146,143,143,138,142,152,149,155,148,141,150,154,161,149,139,145,140,143,152,154,162,166,163,152,141,134,145,148,151,148,144,144,148,151,137,147,140,132,122,115,92,49,101,122,140,151,164,169,179,182,179,180,187,187,190,187,184,182,180,195,118,118,122,124,124,122,119,117,116,118,122,123,127,133,136,137,134,124,128,133,129,127,126,124,122,123,131,130,128,125,124,126,127,126,129,130,136,139,138,135,130,132,135,138,147,146,143,140,138,136,137,135,135,137,140,141,142,145,146,141,141,141,142,138,136
171,170,169,164,159,154,151,148,140,133,132,128,120,113,105,96,93,86,80,74,76,79,90,104,118,129,135,135,137,139,135,137,137,137,136,135,136,138,139,141,141,140,134,135,132,131,130,131,132,133,133,134,134,132,132,132,131,130,130,131,133,135,135,137,138,135,133,133,133,133,131,131,130,129,128,128,126,123,121,118,116,117,118,119,122,126,131,132,132,131,130,128,126,126,128,128,127,127,129,129,129,127,127,131,141,204,196,155,160,169,169,142,139,149,154,160,161,162,165,168,167,169,173,170,169,171,175,181,184,182,185,185,185,184,191,190,188,186,188,188,182,174,164,142,153,185,191,191,192,194,196,194,189,183,179,181,189,187,189,190,190,189,182,182,181,168,130,142,153,159,163,159,160,160,158,165,169,170,170,170,171,169,171,172,173,178,174,172,166,163,163,160,155,153,155,156,154,154,155,156,155,159,153,153,152,151,146,150,148,142,138,137,142,140,137,136,142,141,149,155,160,133,147,161,139,155,155,142,131,151,157,164,167,151,144,138,145,145,140,146,142,150,146,147,151,130,157,136,133,144,134,112,64,78,113,140,147,161,169,181,181,185,186,189,187,193,191,186,184,180,196,109,118,117,124,126,125,120,119,118,118,125,125,130,136,140,143,127,132,137,138,137,135,131,128,129,131,133,133,131,130,132,133,134,132,127,136,146,146,143,140,138,137,141,145,153,153,150,144,141,144,143,142,142,143,145,145,147,149,152,147,147,146,146,142,140
165,165,164,159,152,149,147,139,133,127,127,125,119,115,109,101,97,91,86,84,85,86,96,112,124,133,136,139,139,142,140,140,140,143,139,137,139,140,142,144,143,141,136,137,137,136,135,133,135,136,138,138,138,136,137,137,136,135,135,135,137,138,141,143,144,142,140,140,140,140,138,137,136,136,134,134,133,131,129,129,128,128,127,127,129,132,134,135,135,133,132,131,131,132,131,130,129,129,129,129,129,127,128,128,123,199,225,171,168,172,167,159,147,157,155,163,166,166,171,169,170,169,167,168,174,185,187,188,191,192,189,190,191,192,193,193,192,189,184,181,170,170,167,153,154,170,184,184,188,192,194,194,189,191,189,190,195,194,189,185,186,190,187,187,178,139,141,138,143,152,160,155,157,159,163,163,163,167,167,167,167,170,173,175,174,172,169,168,163,160,159,157,157,154,157,158,155,151,150,148,147,146,141,141,144,138,142,142,140,143,142,143,145,141,146,139,130,135,139,144,146,131,126,132,135,148,148,144,145,155,163,167,157,140,147,149,153,140,143,146,142,150,152,147,157,131,149,142,142,142,141,119,91,52,109,126,147,161,169,180,179,189,187,188,191,195,193,185,182,180,191,118,113,122,129,132,131,125,120,119,124,130,134,138,142,145,134,135,139,144,144,145,142,136,137,138,137,138,135,134,138,139,140,140,139,136,145,151,151,149,143,142,143,145,148,151,153,150,146,146,149,149,148,147,148,149,154,155,156,156,152,152,148,150,148,148
157,156,156,150,145,142,139,135,129,127,127,124,121,116,112,109,107,104,103,101,99,102,111,122,128,136,142,142,143,144,146,141,141,143,141,140,140,145,147,149,145,142,139,140,140,140,138,134,137,137,137,140,143,142,140,141,142,141,141,141,142,143,145,149,151,149,149,149,148,145,143,143,143,142,141,141,139,136,136,136,136,135,132,133,134,135,137,136,135,136,135,135,133,133,132,132,132,131,130,132,132,130,131,133,134,159,221,176,159,168,164,161,161,160,159,171,170,170,176,177,175,169,171,174,175,180,188,189,192,194,194,191,191,195,193,192,197,192,188,185,172,158,148,161,156,169,184,189,195,188,190,190,187,189,193,187,187,190,187,187,191,195,187,189,144,125,139,136,140,145,148,150,155,161,163,165,162,165,166,166,165,167,169,174,166,164,167,162,164,165,156,150,153,148,152,153,150,149,144,139,139,129,136,142,141,139,140,144,148,136,139,141,138,133,121,120,124,132,137,131,130,130,133,136,120,128,130,133,150,159,165,159,144,137,150,161,150,148,143,156,142,155,148,159,153,134,136,154,167,145,150,131,94,54,86,119,147,161,168,176,179,189,186,193,194,190,188,175,174,193,190,123,124,125,137,139,137,131,125,124,124,131,136,142,145,141,141,138,143,147,150,151,143,143,148,147,142,139,138,135,142,148,147,141,141,141,149,154,156,151,145,142,144,145,147,148,149,151,149,154,152,152,151,154,154,156,159,159,158,157,154,152,155,156,154,156
154,152,150,147,143,144,142,137,133,132,131,132,130,125,121,120,119,116,114,113,112,116,123,129,134,141,146,148,150,151,149,146,146,146,145,145,147,149,150,149,143,142,141,141,143,144,140,136,137,138,138,140,142,143,142,143,143,142,143,143,144,145,146,151,155,155,158,157,154,149,147,146,145,144,143,144,143,141,141,140,139,138,137,137,138,139,137,136,136,137,138,137,137,136,135,135,134,133,131,133,133,132,131,135,138,149,233,171,159,161,158,161,163,161,169,178,178,179,182,179,176,174,173,178,178,182,187,188,190,192,194,192,192,195,200,197,196,190,185,180,169,163,147,132,163,166,179,183,189,190,190,191,193,198,194,192,188,182,189,191,195,195,190,178,122,125,136,141,142,142,143,149,154,158,157,159,159,155,155,157,157,157,161,166,162,162,162,163,160,161,158,155,151,153,154,154,150,150,145,137,130,126,131,134,132,140,138,135,133,139,134,129,129,124,124,130,130,117,114,116,132,128,131,123,130,105,124,158,157,163,159,147,127,144,156,161,151,150,143,150,152,167,159,151,155,135,125,136,163,160,146,137,102,57,53,120,146,161,169,177,185,178,186,189,193,190,189,183,184,187,191,132,121,128,143,146,146,140,136,134,133,133,137,144,147,148,149,146,148,149,155,153,150,150,155,155,150,145,142,140,147,153,150,136,141,146,153,157,159,151,144,142,141,141,145,147,148,150,149,156,157,156,154,152,159,160,159,159,158,155,154,155,156,158,163,167
151,150,151,147,146,148,146,145,145,144,143,143,141,137,134,134,134,132,129,128,128,131,136,142,146,150,153,155,156,154,152,149,148,149,149,149,151,151,150,147,146,144,144,145,147,149,147,139,138,141,142,142,144,146,148,148,148,146,147,147,148,149,149,153,158,161,166,164,160,156,153,152,150,148,147,149,150,149,148,147,145,144,144,144,143,143,141,140,139,140,142,142,142,143,142,141,139,137,136,136,137,139,137,141,145,139,235,177,155,145,151,161,164,164,177,181,183,185,190,185,181,181,178,184,184,185,189,190,192,194,194,193,194,195,200,198,191,184,184,177,167,166,152,111,155,169,184,185,187,191,191,193,198,198,190,189,184,184,192,195,197,194,186,146,109,131,131,137,138,142,148,151,154,156,156,156,146,145,144,144,147,156,159,158,157,156,153,157,151,149,144,144,151,156,154,151,147,143,142,137,132,127,131,135,137,134,130,126,124,120,121,120,117,126,117,114,113,117,125,130,139,132,131,116,127,99,155,160,159,161,149,141,122,156,159,152,148,150,145,152,153,152,172,166,157,142,144,153,156,137,132,134,103,76,28,111,137,155,166,173,179,182,181,187,191,194,180,173,186,186,168,133,125,132,141,148,151,146,143,142,140,138,136,144,154,153,155,152,151,145,151,143,140,152,161,159,153,150,147,145,152,154,143,135,142,149,152,158,159,151,143,138,135,135,141,145,143,142,147,152,160,159,155,151,158,159,158,157,156,152,151,156,158,160,170,173
154,153,159,158,158,158,159,160,160,159,158,156,154,151,149,147,149,148,143,140,142,144,147,153,155,158,158,162,165,162,161,159,157,154,155,154,155,156,154,152,151,148,149,151,149,152,151,147,143,141,147,146,147,150,155,155,154,151,150,151,152,152,153,154,157,161,165,165,162,159,158,156,154,151,151,153,155,156,154,153,150,148,147,147,146,145,146,145,144,145,146,146,147,148,150,148,146,144,143,142,143,146,147,148,154,140,234,189,133,135,148,160,162,168,181,181,185,188,193,192,189,185,182,188,189,188,186,187,189,192,193,195,196,196,196,197,189,187,185,179,167,162,139,125,145,170,180,183,187,191,192,195,195,191,191,185,183,185,189,195,199,191,175,123,114,126,133,132,131,135,142,148,152,142,140,142,140,138,134,132,133,138,142,142,148,153,154,149,147,147,143,144,149,156,152,146,141,134,132,131,133,140,139,137,134,136,130,122,116,120,119,116,113,108,113,118,108,108,112,116,108,108,112,112,95,132,150,157,161,154,133,132,134,163,163,155,154,152,144,154,133,129,147,173,159,137,148,140,129,112,126,112,96,73,51,107,132,152,165,172,179,186,186,189,194,194,176,172,177,188,161,129,126,134,138,147,153,148,146,148,147,144,140,149,155,157,161,157,146,143,144,129,131,147,151,163,154,154,150,147,155,150,145,137,137,149,147,153,155,149,143,141,133,130,137,142,132,141,144,150,155,157,151,149,158,158,154,153,152,147,147,154,159,158,168,167
156,158,163,165,168,168,170,172,169,167,167,170,165,162,164,159,159,158,155,151,151,153,156,163,164,165,164,168,170,170,168,165,163,160,160,160,161,163,159,159,156,155,154,157,155,153,158,147,143,147,147,149,153,156,162,159,156,156,158,155,157,156,154,154,156,158,160,160,160,163,161,159,155,152,152,155,158,160,160,158,155,152,155,145,146,150,151,149,148,148,149,150,151,149,150,149,149,148,145,145,148,151,148,154,150,154,228,224,121,138,158,156,160,173,185,187,185,188,190,191,192,190,189,189,190,190,192,191,185,191,193,195,196,196,194,192,189,188,191,175,170,165,161,152,151,170,175,182,186,186,188,193,195,189,187,184,189,193,194,201,206,184,150,108,114,117,122,122,120,122,133,143,140,139,134,131,129,124,127,130,129,137,136,146,148,139,144,140,141,138,137,141,148,146,141,138,141,133,136,137,133,141,138,139,135,116,126,122,126,126,118,113,110,106,101,97,101,108,102,100,91,104,97,98,95,160,137,154,150,134,124,108,137,145,137,131,154,157,149,151,138,147,143,158,151,132,123,98,90,99,114,106,92,60,116,130,124,153,157,175,178,179,184,187,190,197,187,165,171,187,166,131,119,128,137,144,153,155,152,149,152,151,145,150,156,158,159,154,150,135,135,124,127,142,150,155,158,156,151,149,154,151,145,136,137,144,150,153,154,151,142,137,137,132,137,128,131,133,141,146,150,155,149,148,156,155,148,148,152,142,146,151,154,161,164,155
155,159,167,166,170,173,174,176,174,172,171,173,170,168,169,165,165,164,162,159,159,161,164,166,167,167,169,170,173,172,172,169,168,166,164,163,166,166,163,160,161,159,159,160,160,158,157,158,149,152,150,151,156,158,162,160,158,158,157,155,157,157,156,155,156,159,160,160,162,164,164,161,156,152,153,157,163,167,165,162,158,155,151,154,157,153,154,152,151,152,152,153,153,152,152,151,150,150,149,149,150,154,159,159,155,157,224,225,167,150,150,155,168,185,189,191,190,191,196,194,195,198,200,198,193,189,187,186,183,189,193,194,194,192,194,189,183,182,180,170,173,178,169,162,157,170,181,185,183,183,183,186,187,184,182,189,193,196,192,191,194,188,113,105,111,114,117,120,119,119,120,131,133,134,130,132,125,126,128,132,133,130,134,135,138,139,128,126,133,131,136,143,147,140,141,141,137,142,137,134,136,135,129,124,118,119,114,116,112,108,105,106,103,95,95,96,98,100,103,94,97,96,89,83,136,138,144,147,141,128,135,113,108,87,92,100,137,155,140,136,136,133,133,145,136,120,86,76,88,94,88,79,69,109,135,136,117,147,156,172,179,180,184,191,192,192,189,170,167,189,170,133,122,126,131,138,148,153,156,152,152,150,144,146,150,155,158,154,149,146,138,127,130,142,149,150,157,156,152,149,154,152,145,138,140,147,151,152,155,154,146,137,137,136,131,125,126,126,132,137,142,150,149,148,155,154,144,148,147,142,142,146,148,154,159,151
157,161,165,168,171,177,178,179,177,174,174,172,171,170,171,166,167,167,166,164,164,166,169,172,172,171,171,172,173,173,173,174,170,168,169,168,169,168,165,166,167,166,164,162,160,160,162,165,159,155,153,154,153,156,161,161,160,159,159,157,160,160,158,158,158,159,159,162,165,166,167,164,160,155,156,162,169,174,172,169,164,160,156,151,155,158,158,156,155,155,156,158,158,157,155,154,154,153,153,152,153,156,157,157,162,156,218,211,184,138,140,152,171,186,193,197,195,194,197,195,195,200,201,200,197,195,192,188,189,192,192,192,189,185,185,179,173,173,164,171,181,180,172,172,164,171,178,183,182,186,185,185,185,181,180,187,192,193,193,190,186,182,86,98,106,108,109,115,120,123,119,110,116,122,123,127,126,119,122,127,132,138,140,132,133,133,133,141,140,147,142,138,140,141,136,133,134,130,133,136,136,131,125,122,120,112,113,100,95,96,96,100,97,96,96,95,94,101,96,94,95,94,73,97,136,140,141,136,143,158,128,80,69,76,82,84,111,123,126,116,106,98,104,109,106,88,59,67,64,80,81,89,105,123,121,138,112,139,153,167,178,182,186,186,192,196,186,168,160,185,182,135,126,125,123,129,139,146,153,149,150,147,144,146,147,152,157,152,148,139,140,131,133,140,145,148,152,155,151,152,147,144,139,135,142,149,150,150,153,154,146,137,137,132,128,124,122,117,120,124,134,145,147,146,151,153,143,145,144,138,137,141,152,163,154,141
161,164,166,169,173,176,176,177,175,173,172,171,172,173,172,168,169,170,168,168,168,170,173,177,173,171,170,170,169,169,170,171,172,173,174,172,170,168,169,171,169,169,166,162,159,167,168,169,169,160,154,153,157,157,157,159,160,158,162,160,164,165,161,160,159,160,158,163,168,168,167,165,163,161,160,165,171,175,179,175,170,165,164,142,158,163,159,157,156,157,160,162,162,161,158,157,156,156,154,153,154,155,153,140,151,158,203,207,191,150,133,153,180,196,195,200,198,195,198,198,198,198,199,198,196,195,192,186,187,186,183,181,176,171,169,164,162,168,171,174,172,166,164,173,168,173,176,181,181,184,186,185,187,185,184,186,191,191,190,189,177,146,88,93,101,104,103,108,113,116,113,108,107,103,106,113,113,105,107,114,122,126,122,125,129,130,128,126,133,132,136,140,141,143,138,132,130,128,128,125,122,122,115,114,115,112,103,86,86,97,92,91,90,88,85,83,86,91,93,90,82,76,68,119,140,145,141,142,145,157,86,39,34,60,71,80,96,106,108,94,97,94,92,81,70,74,44,54,59,80,100,120,115,106,129,143,116,135,149,164,175,181,185,187,192,198,194,171,168,190,198,138,129,128,120,123,131,138,140,139,144,146,146,140,144,149,153,153,147,140,139,132,133,136,139,145,152,152,152,149,141,137,133,137,142,149,149,150,149,147,140,136,132,130,122,118,118,114,115,118,132,143,145,143,145,146,143,141,140,132,134,144,152,161,146,134
166,163,169,170,172,173,174,174,174,174,171,171,173,175,173,174,172,170,169,169,171,175,178,177,174,173,172,168,165,165,166,168,172,174,174,175,169,166,165,168,171,170,167,163,161,164,167,170,171,170,157,154,154,156,155,156,159,160,160,163,167,168,161,158,157,161,158,163,168,169,167,168,168,165,163,165,171,177,180,176,172,171,150,155,166,159,161,155,157,159,160,162,164,165,162,160,159,160,157,155,153,155,144,121,127,148,200,205,195,135,146,161,193,198,200,200,199,198,199,199,198,197,198,197,193,189,182,182,180,177,172,167,164,159,159,159,165,163,157,163,171,167,162,158,179,168,179,180,182,180,181,184,187,184,186,186,194,193,190,193,170,91,86,89,94,97,96,98,98,105,105,100,105,101,99,103,103,105,104,108,108,114,115,117,124,125,130,127,129,134,135,134,129,135,130,126,128,123,119,120,122,133,117,113,102,87,83,86,89,84,84,85,78,73,74,81,87,80,85,88,69,56,98,122,147,95,106,98,144,102,51,40,89,129,26,54,62,102,87,72,69,70,74,42,35,68,59,72,81,85,113,114,116,104,137,132,152,127,146,158,177,177,176,183,193,193,200,187,173,185,206,134,135,135,120,117,126,131,130,129,138,144,145,138,140,144,149,148,144,140,139,131,128,131,136,145,152,149,146,143,136,135,133,132,143,150,142,145,143,145,138,138,135,127,122,116,116,113,112,117,130,143,141,142,139,143,139,137,135,126,135,142,147,151,142,133
167,164,169,172,175,173,172,173,173,172,169,168,172,176,177,176,174,172,171,172,173,176,179,177,175,174,170,167,165,165,164,163,166,170,176,171,168,164,166,168,167,168,166,161,160,160,163,167,169,167,160,153,153,154,151,151,157,157,157,161,166,168,162,159,156,158,160,164,167,167,167,169,169,166,166,166,169,173,174,172,168,167,121,154,166,162,151,163,142,153,160,162,164,164,161,159,158,159,160,157,155,156,148,120,116,131,193,214,195,151,157,176,200,199,199,199,199,200,199,198,196,194,192,190,185,180,170,168,166,164,157,154,156,155,145,142,145,146,147,148,147,175,170,153,161,170,179,180,180,178,179,181,185,184,188,189,194,193,190,184,144,66,84,82,86,90,89,87,88,95,97,99,104,100,95,93,95,94,87,92,104,106,111,117,123,116,122,124,127,138,136,135,136,130,126,122,122,131,131,133,131,121,118,107,90,84,89,96,90,87,81,80,80,88,91,95,85,83,78,68,56,82,117,117,92,89,95,114,100,99,113,149,165,162,50,29,32,95,74,65,66,82,74,39,56,74,63,87,48,96,122,125,122,112,132,136,164,125,149,162,162,173,179,174,177,196,202,193,176,180,205,141,137,135,124,121,124,125,121,125,139,147,148,141,137,140,144,144,142,141,130,124,119,134,136,144,149,146,142,139,138,139,139,138,141,147,145,141,144,143,136,136,132,132,125,114,116,113,114,120,132,142,140,137,141,141,139,137,137,132,131,140,153,145,138,133
168,164,168,172,177,178,172,172,172,170,166,162,168,176,179,177,175,173,173,173,175,178,174,169,167,169,169,166,165,164,160,154,152,159,168,167,166,164,166,169,168,167,165,163,162,161,159,162,163,159,154,153,155,154,149,151,153,155,155,159,163,166,162,161,158,157,162,165,167,166,166,169,170,168,168,166,164,163,166,169,165,163,100,155,163,158,160,156,144,158,160,162,163,162,159,158,157,157,158,155,152,153,153,138,131,128,176,220,193,165,171,192,201,199,197,197,198,198,196,195,193,191,186,185,180,175,174,171,168,167,171,164,157,150,142,132,126,121,114,124,118,129,177,181,157,162,179,178,182,182,182,180,184,181,189,193,195,191,189,186,104,81,73,83,83,80,77,83,83,83,84,90,94,92,89,90,93,96,93,97,102,106,109,112,116,115,120,128,129,127,128,125,117,117,120,125,131,139,143,149,146,131,121,91,74,78,78,82,82,81,78,84,90,92,86,83,78,71,59,55,86,101,113,87,84,90,137,157,169,166,155,150,156,150,97,40,48,74,87,61,73,87,66,50,62,77,60,46,58,109,116,137,134,114,131,138,170,119,147,160,160,166,175,172,175,179,197,203,180,177,202,152,138,132,127,124,118,115,114,120,136,147,149,145,133,138,142,143,139,132,124,121,125,139,140,141,143,142,137,134,135,139,141,139,139,143,139,137,143,147,139,137,135,137,123,114,114,112,119,124,133,138,140,142,148,144,142,144,139,136,131,148,148,144,138,137
166,161,164,171,177,177,172,171,170,167,163,159,165,173,177,176,174,172,172,173,173,172,165,155,152,158,171,167,166,164,157,146,146,153,164,157,158,162,164,165,167,160,157,161,163,161,158,157,155,149,146,150,154,156,153,153,154,156,156,158,161,161,162,163,163,162,164,166,167,164,166,169,171,169,168,164,157,152,156,161,159,156,98,152,158,159,160,140,146,160,160,162,162,161,158,157,155,156,159,155,152,152,153,150,146,141,157,219,187,162,176,195,194,197,197,196,193,191,190,190,191,191,188,187,185,182,180,175,172,173,167,160,155,148,133,134,141,144,132,128,128,114,121,160,170,154,179,182,183,184,180,181,182,188,188,194,194,188,183,185,73,74,77,75,74,72,71,67,72,73,80,85,88,86,91,94,95,95,95,99,99,96,96,99,111,112,114,121,118,120,116,111,111,110,116,127,135,146,145,145,138,125,114,94,81,72,68,71,74,73,78,88,86,76,72,72,70,69,60,66,95,110,81,85,99,137,153,151,149,159,160,153,152,161,154,40,18,67,85,69,66,76,59,61,58,74,71,49,88,118,125,138,135,93,126,122,167,120,145,155,165,166,170,177,185,185,188,202,175,172,197,159,137,128,124,122,111,107,108,108,121,135,144,148,136,134,144,144,135,123,124,132,136,141,143,138,142,142,134,131,133,138,143,141,143,135,124,129,142,150,138,143,139,139,130,117,118,114,125,126,131,137,146,153,157,164,166,154,144,136,136,156,151,146,138,139
164,159,164,169,172,170,174,171,166,161,158,157,161,167,172,175,174,172,171,169,171,167,164,146,143,155,164,172,164,164,152,144,148,156,152,151,147,157,162,166,167,160,148,152,159,160,155,150,147,145,144,150,155,155,156,152,155,158,160,159,159,160,163,166,168,166,167,166,161,160,161,167,164,174,170,161,154,147,148,150,156,148,84,135,155,164,154,134,156,163,164,160,158,163,158,156,154,156,158,158,156,154,155,151,152,152,140,219,188,165,172,189,189,192,195,194,191,184,184,186,188,190,190,191,187,177,174,172,171,172,162,153,146,147,157,151,134,135,146,179,168,158,142,111,164,154,182,178,187,184,182,179,180,184,189,189,196,190,184,150,73,64,67,63,66,69,66,65,67,70,75,70,72,89,88,93,92,87,89,91,91,86,86,82,86,103,102,111,107,100,99,94,88,101,108,114,131,146,137,127,123,122,118,108,96,82,77,80,85,85,88,77,69,63,67,64,62,61,73,80,106,105,84,98,150,150,149,148,148,152,154,150,147,151,162,113,70,104,94,80,69,66,65,66,65,83,89,89,95,123,136,140,135,87,115,122,154,141,139,151,164,160,175,179,194,187,187,196,164,175,186,196,138,127,126,125,107,99,104,107,108,123,137,148,135,133,139,141,130,119,127,139,141,150,152,142,139,142,131,129,130,139,145,148,139,131,109,129,143,141,136,148,141,141,126,124,117,118,128,130,133,138,150,169,164,180,184,156,144,134,151,160,157,149,138,139
166,155,160,163,166,175,176,173,169,159,157,157,159,163,166,166,166,165,165,165,167,167,163,147,143,152,172,172,168,162,149,144,150,153,148,145,143,152,162,165,167,161,147,138,142,144,154,148,144,142,142,151,157,156,157,156,158,161,161,161,161,163,164,167,168,167,165,161,157,156,160,167,161,174,167,158,151,144,141,152,153,151,101,76,160,150,147,133,165,160,155,162,159,163,161,158,156,155,157,158,157,154,155,151,153,151,148,226,178,164,174,192,193,195,190,187,183,181,182,183,186,188,190,187,180,173,175,172,166,159,153,152,151,153,151,161,165,172,184,151,139,133,126,102,105,159,179,182,186,185,182,182,185,188,193,197,194,188,185,111,64,56,57,64,61,60,64,67,66,67,69,74,81,78,79,85,86,82,83,81,79,84,83,79,81,80,90,96,96,93,97,99,97,97,105,115,110,118,118,115,109,109,107,105,104,105,99,93,86,77,66,59,60,63,60,53,56,75,72,106,99,81,122,149,154,153,151,147,145,150,153,151,149,151,155,175,138,116,101,95,81,74,68,71,75,91,97,97,105,124,143,147,138,75,107,114,153,151,143,153,161,169,169,183,179,182,185,198,159,174,188,206,132,131,131,127,109,101,102,107,108,118,130,136,136,135,137,143,128,121,128,137,139,147,150,141,136,140,130,127,132,143,149,148,141,127,107,132,136,136,137,150,146,143,131,124,115,125,138,139,132,149,165,171,156,163,171,152,140,139,159,154,153,149,142,145
168,159,158,162,168,178,178,175,169,162,157,157,157,158,159,159,159,158,158,160,163,167,164,155,151,157,169,173,170,158,147,146,156,152,146,140,140,149,160,161,162,164,162,150,137,133,141,156,144,141,142,153,161,158,156,161,163,166,166,164,163,164,163,166,168,166,164,156,156,158,160,166,154,169,161,152,145,138,143,149,142,152,143,67,115,154,128,131,167,161,165,147,151,164,159,158,155,152,157,158,158,156,157,155,156,152,141,149,193,166,167,187,189,189,186,182,179,180,178,180,182,184,186,184,182,180,178,174,166,158,160,161,160,157,154,158,163,170,177,171,163,124,91,81,62,109,174,185,185,185,184,183,187,187,193,202,195,185,186,72,64,60,59,61,64,65,64,66,66,68,72,71,72,78,76,78,75,76,78,79,79,75,78,79,82,86,90,82,93,93,82,72,74,77,79,89,86,73,72,77,88,91,91,94,100,102,99,95,84,74,68,69,62,54,58,65,81,89,88,125,122,134,142,151,155,156,153,148,142,148,152,151,143,145,152,164,144,127,116,104,99,89,80,82,90,104,108,109,115,127,146,151,144,80,117,110,139,150,140,148,161,162,171,172,176,187,191,193,150,170,181,208,136,138,131,124,112,108,104,108,103,106,119,123,134,137,142,143,130,124,125,131,137,142,141,131,138,144,137,135,141,151,153,151,151,135,128,145,137,148,137,151,150,144,137,125,119,128,141,134,147,165,170,164,141,143,152,148,143,144,163,156,149,148,144,142
161,154,156,164,173,176,177,174,166,160,158,160,159,156,155,154,153,150,147,149,153,158,161,160,152,153,162,167,165,154,150,149,154,154,149,139,142,150,156,155,156,159,170,163,151,134,129,141,157,146,147,156,163,159,157,157,165,170,173,167,164,159,160,163,165,163,158,148,154,160,161,164,145,160,156,148,141,134,134,139,134,133,141,106,75,148,111,151,177,161,132,144,154,159,158,159,159,156,157,158,159,158,161,160,161,156,138,118,216,175,159,181,183,182,176,177,177,175,173,174,177,179,182,185,186,182,174,170,167,170,174,171,166,162,162,159,153,143,138,132,120,135,135,110,80,55,163,182,184,186,185,180,184,186,193,200,198,183,186,53,61,65,63,63,64,65,65,69,68,66,67,71,70,72,70,73,72,68,69,70,69,68,73,75,78,80,73,59,60,59,53,51,57,57,58,54,53,60,52,45,46,57,65,79,88,93,91,93,89,91,94,87,73,67,77,84,88,75,117,117,111,118,142,145,151,154,154,148,143,147,150,147,150,144,144,156,158,132,120,116,110,103,96,95,101,113,115,117,125,139,146,153,147,85,117,106,134,148,147,154,160,165,168,179,185,186,192,188,149,172,180,203,148,131,123,116,114,118,119,114,101,101,111,121,130,143,140,148,147,135,123,130,133,137,138,125,133,140,144,144,146,149,148,151,141,138,146,136,130,135,132,149,141,139,133,129,122,130,138,139,156,163,158,154,135,142,146,151,145,153,163,159,159,154,145,147
155,151,158,163,168,174,173,170,164,157,163,167,160,156,153,150,146,145,139,139,142,149,156,159,150,151,153,157,156,151,147,149,152,156,150,142,138,144,148,149,149,158,167,167,162,134,118,126,145,152,153,155,159,157,156,155,162,170,172,170,163,160,152,155,162,162,149,144,149,157,162,164,152,147,148,147,141,130,135,127,139,124,127,118,56,126,122,159,144,101,144,164,165,158,160,150,166,160,158,159,161,162,164,164,166,160,140,120,172,193,159,172,180,179,170,172,174,176,175,176,177,179,186,186,183,178,176,173,178,179,174,174,175,178,174,171,165,169,170,134,130,85,74,70,77,87,142,175,185,183,189,180,183,184,191,190,192,178,202,57,72,70,72,65,65,65,64,62,63,65,69,72,71,70,71,70,68,68,67,65,63,60,59,58,56,53,54,53,50,51,52,52,51,52,47,48,51,48,47,46,46,47,44,42,45,57,66,75,75,78,82,82,81,69,63,65,78,105,96,108,114,121,134,143,145,147,148,145,141,146,149,149,149,146,144,157,170,148,133,124,115,109,114,98,102,107,122,125,122,142,147,159,152,87,145,114,126,144,145,149,151,164,168,184,191,198,192,194,148,173,186,205,158,134,122,110,117,123,125,118,103,103,116,115,116,137,140,143,153,145,127,123,129,135,132,122,124,134,139,146,146,139,145,146,137,127,141,134,124,123,124,137,141,130,129,126,124,130,137,142,151,152,143,151,136,141,147,147,148,158,171,161,167,157,157,156
151,153,160,159,164,169,169,166,161,160,166,166,160,159,156,153,148,144,137,134,135,142,151,146,146,150,155,155,154,149,143,144,155,154,149,141,135,137,145,146,147,156,167,162,155,140,128,115,132,143,150,152,153,156,156,155,161,164,167,161,159,161,159,158,160,156,146,140,145,155,162,161,151,145,146,145,137,126,119,115,129,119,140,124,68,94,82,93,118,158,170,162,161,159,148,138,159,159,157,157,158,160,160,162,165,158,150,127,118,202,173,176,168,167,169,169,171,172,172,174,176,179,180,178,176,176,178,180,186,184,185,182,176,171,168,164,164,138,110,105,94,95,114,107,92,69,121,182,181,191,186,185,177,184,185,190,195,188,186,68,82,82,80,75,70,65,68,67,68,68,68,72,74,67,66,64,62,64,63,62,61,59,58,56,55,53,50,47,48,49,45,42,43,45,46,51,48,48,49,47,41,39,37,36,39,33,38,43,60,64,74,67,67,72,85,101,107,97,106,118,118,113,122,138,142,143,144,143,144,145,148,151,149,152,149,149,178,155,141,133,125,120,122,115,118,126,86,90,133,141,142,160,161,87,141,112,126,140,147,153,156,162,171,169,186,200,204,199,149,167,182,199,185,129,124,118,121,122,117,112,103,106,114,117,114,131,132,141,146,144,131,130,129,137,130,119,122,133,142,135,135,133,139,138,132,124,142,136,135,125,120,134,138,128,126,131,131,127,141,149,149,149,137,149,133,136,139,149,158,164,173,162,163,154,157,155
148,152,157,161,158,162,163,162,158,159,165,167,164,163,160,155,149,144,135,132,136,143,143,130,132,140,148,151,152,147,140,141,151,149,152,144,136,134,141,142,144,154,166,159,150,139,130,117,121,136,147,151,150,152,154,154,158,163,164,155,156,160,159,155,155,153,143,135,138,148,151,149,143,138,142,141,135,124,111,100,125,121,81,139,105,61,134,165,176,175,164,163,162,140,121,148,163,162,155,153,152,155,159,160,163,159,146,131,121,143,204,182,159,159,156,159,165,169,171,171,171,170,173,171,172,176,176,184,188,187,183,186,188,188,181,173,153,135,143,121,127,135,88,73,66,71,92,184,183,189,186,181,179,185,182,191,193,190,176,96,94,85,85,85,80,74,70,70,70,69,70,72,70,69,65,61,59,56,57,60,62,61,60,58,57,55,51,48,50,52,47,43,44,42,39,43,47,46,40,35,37,39,39,40,41,47,45,39,45,62,98,109,108,100,104,105,99,97,115,119,105,94,107,132,138,139,140,143,148,147,147,150,152,153,151,155,173,164,149,142,141,136,128,126,111,110,79,102,133,142,144,154,128,67,139,116,123,131,146,155,158,160,175,175,172,187,200,200,155,169,187,198,208,139,125,124,123,119,112,108,109,115,125,126,118,121,126,139,148,141,135,127,125,130,130,123,128,137,136,125,122,131,140,135,133,119,128,143,143,132,123,135,134,124,131,133,137,143,148,155,155,154,140,149,132,134,136,146,148,155,166,160,161,163,165,150
151,147,150,156,155,158,160,161,158,159,166,171,168,167,160,153,148,144,136,130,140,149,142,124,114,121,133,144,153,148,139,135,142,155,157,151,144,141,139,141,143,154,164,161,150,140,132,122,121,137,148,149,146,147,151,151,153,159,160,160,155,158,160,156,153,155,143,132,132,141,144,141,141,139,138,138,135,128,121,110,105,134,95,76,65,66,140,156,173,163,165,158,131,130,149,153,156,163,154,149,148,152,158,153,154,156,150,137,129,125,175,193,155,147,150,152,156,159,162,163,165,166,165,169,174,177,178,185,187,190,196,197,193,186,180,168,159,157,142,153,149,91,86,77,77,83,95,176,187,188,186,184,176,178,184,192,197,188,170,141,135,123,113,85,73,65,70,73,74,75,76,74,79,75,69,63,61,61,60,58,57,58,57,55,54,52,50,49,48,45,45,43,43,41,40,46,50,41,43,45,46,49,51,53,54,52,61,94,118,127,119,102,101,110,109,103,100,109,126,126,105,95,113,134,137,137,139,144,151,151,149,146,145,150,152,152,158,177,156,149,145,146,134,134,104,77,118,142,138,146,150,152,88,47,140,115,127,129,151,163,157,165,180,181,179,183,195,201,165,172,190,197,206,176,130,130,127,125,120,116,122,128,133,137,121,123,136,149,140,137,136,130,127,133,141,137,141,137,132,125,132,146,150,138,138,117,113,138,146,136,134,145,135,121,126,138,145,162,161,158,160,162,148,151,134,137,140,148,156,146,154,151,157,154,156,151
153,149,146,151,153,158,161,159,158,161,166,170,166,163,155,154,147,146,133,127,143,148,143,126,110,112,126,146,154,154,141,145,146,160,168,157,152,149,141,148,147,149,160,160,151,147,133,122,126,138,145,142,138,144,149,150,151,155,156,154,155,151,156,165,160,156,153,135,132,134,130,131,137,136,138,140,139,135,136,138,116,101,147,138,144,70,150,137,169,160,169,120,116,150,152,152,160,164,155,147,146,149,151,147,148,154,152,143,133,134,139,170,177,140,143,144,138,143,147,155,160,170,171,173,177,179,181,190,196,199,199,201,190,187,178,170,167,155,150,159,89,92,86,110,120,106,117,181,185,186,186,184,176,184,187,196,195,193,162,135,142,140,144,145,130,116,83,71,70,70,71,75,90,90,78,72,64,65,56,52,56,55,60,52,47,48,47,47,49,52,49,45,43,48,52,50,45,47,50,53,52,62,61,60,79,103,106,97,109,115,117,110,108,106,104,112,116,120,130,125,107,111,128,142,142,140,142,143,145,148,146,146,143,151,156,150,156,186,173,156,144,147,138,138,144,58,136,147,135,145,146,136,112,6,139,122,116,121,148,153,155,164,182,186,188,189,200,198,175,177,183,198,191,202,132,134,136,125,115,110,122,124,124,134,129,126,147,150,144,129,127,135,133,141,147,147,146,146,139,134,145,160,153,137,131,126,120,139,141,145,150,143,137,131,130,135,143,149,152,153,154,167,161,146,142,144,150,150,157,142,145,145,147,156,150,157
152,149,150,151,153,155,158,158,154,163,168,169,161,156,152,150,144,144,138,133,144,145,142,128,107,100,107,133,151,154,143,149,150,161,166,157,157,152,151,146,140,149,156,156,153,151,144,135,117,130,139,134,129,135,139,146,146,150,154,153,154,159,155,164,158,152,152,141,139,136,134,124,123,130,138,142,144,141,145,143,143,100,97,134,150,132,158,156,157,157,140,110,156,144,152,155,163,163,155,148,146,146,145,144,145,150,152,145,128,120,122,128,168,155,137,140,139,143,152,160,164,164,170,173,178,183,188,196,192,197,199,185,191,186,168,166,152,154,173,94,94,117,147,132,107,95,108,180,184,182,187,183,182,189,186,190,195,192,161,137,144,141,144,139,129,126,134,128,119,102,85,88,84,82,84,71,63,58,58,57,55,48,48,44,45,41,40,39,40,46,45,44,43,53,60,52,52,51,58,70,79,88,96,122,133,117,111,109,115,117,118,114,110,108,108,116,129,127,127,121,116,126,144,148,151,148,143,139,140,138,146,147,149,155,153,151,145,174,175,157,156,131,162,122,126,39,107,142,140,144,157,103,77,34,159,126,111,121,134,152,155,158,174,182,189,198,198,204,185,172,186,186,190,208,143,133,129,141,122,122,123,121,123,137,130,140,139,149,142,135,125,126,136,144,145,145,148,148,139,138,153,162,151,138,129,124,127,147,156,150,144,147,136,130,133,141,144,152,147,146,147,152,154,147,138,146,148,141,154,150,141,135,138,148,154,160
151,151,151,148,149,155,153,158,153,167,173,170,159,152,152,151,142,137,136,138,141,142,135,123,109,99,102,126,140,147,139,144,152,161,164,153,158,156,153,150,150,152,153,148,145,144,146,140,122,117,122,125,126,131,135,139,137,140,147,149,151,154,154,156,150,144,144,146,143,136,141,125,121,131,134,141,145,142,136,141,150,138,112,113,136,83,93,135,155,140,124,148,160,150,158,161,167,163,156,152,151,147,142,145,149,151,151,145,119,105,110,124,138,160,144,135,132,139,145,144,149,157,158,164,174,183,185,185,193,183,174,178,175,161,158,146,161,150,92,105,138,148,146,126,102,101,101,173,185,181,187,183,182,190,192,194,193,190,161,139,145,140,142,137,128,110,113,118,125,131,132,129,132,117,106,92,72,61,60,53,55,57,57,56,48,44,43,43,45,41,47,56,62,82,91,96,113,118,120,123,124,115,125,128,127,124,117,123,126,117,117,117,111,108,108,116,121,123,125,128,131,131,140,147,145,148,141,136,140,134,143,141,87,137,149,148,147,154,164,146,144,95,138,136,90,86,71,149,145,78,67,126,81,52,153,132,103,117,124,154,158,163,173,184,195,203,199,203,200,173,178,191,201,199,191,131,127,127,100,111,121,128,141,140,162,140,135,140,138,136,124,128,139,142,138,144,146,147,140,134,154,157,147,146,131,130,129,145,142,148,144,150,135,127,129,136,139,142,140,143,148,146,138,152,144,149,142,148,166,168,155,143,142,160,166,153
150,151,151,152,150,150,153,151,155,173,176,166,156,151,148,145,137,129,135,146,143,142,132,129,129,125,121,120,128,133,138,145,151,162,166,155,154,157,153,154,163,157,149,141,136,135,143,137,117,107,117,129,129,128,131,137,138,129,138,143,146,146,147,145,145,142,145,145,139,133,136,132,133,133,136,144,147,142,141,143,140,140,120,104,91,102,84,89,132,121,147,168,157,157,159,158,160,158,150,150,152,146,141,147,152,152,149,142,112,101,112,126,127,142,161,148,139,133,137,131,137,143,146,149,153,157,163,174,172,162,169,169,148,138,125,141,136,118,144,130,116,138,138,126,107,101,105,162,187,184,188,185,185,193,194,193,192,188,161,139,144,138,138,139,133,120,113,125,124,122,120,115,121,133,127,123,118,129,137,135,140,143,135,134,132,131,132,135,140,148,146,137,126,114,103,104,115,118,123,126,120,110,118,126,131,131,128,126,122,118,119,124,119,109,109,115,122,129,129,131,134,126,129,138,137,144,134,128,133,136,140,141,86,69,143,147,125,141,183,169,152,101,151,146,67,116,59,106,141,69,118,83,66,11,153,126,113,118,127,144,154,160,169,178,189,198,199,207,207,173,190,196,182,204,205,138,140,113,91,102,127,139,138,158,199,150,145,136,146,126,134,126,137,141,141,146,150,139,144,144,143,152,140,147,139,143,139,143,148,152,149,147,137,130,128,134,140,135,139,148,156,148,132,137,144,147,159,161,154,163,158,145,144,161,167,155
150,152,161,161,155,145,143,153,166,174,167,155,149,143,147,139,132,132,144,155,155,153,148,151,154,151,135,121,120,140,145,144,165,165,162,155,153,151,149,154,162,161,151,141,133,130,140,129,106,103,121,134,133,135,139,147,144,133,134,140,146,143,137,139,147,148,149,146,132,137,131,142,148,142,137,146,147,155,151,143,141,139,122,131,140,59,128,87,81,124,147,160,148,162,159,152,149,145,144,143,146,144,143,144,150,147,144,133,108,84,104,118,125,138,144,174,149,138,121,119,119,130,139,136,137,137,158,153,153,164,151,115,102,112,131,125,155,150,136,129,119,121,129,125,116,112,111,153,183,193,187,185,186,198,195,199,197,186,157,144,141,137,135,135,128,123,116,111,112,113,115,115,117,121,127,121,115,125,139,139,139,138,131,126,121,120,130,140,149,150,143,138,131,115,99,115,132,129,130,125,119,117,121,132,136,131,132,123,128,128,134,126,111,117,122,121,127,135,134,136,141,129,129,139,128,127,117,111,121,135,150,136,141,87,114,152,105,149,168,165,161,109,130,159,54,118,88,129,58,81,99,68,44,7,162,135,109,115,115,135,154,157,169,169,176,190,192,195,206,182,185,191,183,199,192,153,136,130,102,104,133,139,136,133,102,106,104,131,131,123,122,131,133,143,142,152,154,146,142,150,147,147,137,140,140,137,134,135,149,154,157,149,140,121,127,137,140,145,145,175,178,149,134,133,140,157,166,166,169,160,155,145,153,168,163,158
152,152,158,165,159,148,147,149,166,166,154,149,145,141,143,141,136,141,158,173,163,153,158,171,160,155,137,122,128,146,150,163,150,155,159,154,153,147,146,151,158,161,154,149,145,135,138,131,111,110,125,137,141,143,146,148,146,137,137,143,144,146,138,140,144,144,151,147,130,142,140,152,158,149,126,136,140,156,156,156,135,109,111,106,147,120,125,114,99,91,114,121,133,164,159,149,143,142,143,142,144,143,142,146,152,145,134,123,99,77,87,106,121,139,156,149,174,153,136,115,108,115,114,111,124,146,150,136,122,105,85,93,98,107,120,138,149,129,129,126,118,116,120,123,121,112,105,148,182,184,181,178,179,193,196,193,194,184,150,139,139,136,130,120,116,114,111,103,103,106,111,113,114,115,117,116,129,132,142,140,139,141,133,121,114,117,133,143,145,142,141,143,140,125,126,135,138,132,127,122,120,121,127,127,132,131,135,129,129,141,135,131,122,133,133,123,128,137,135,136,137,128,142,135,110,129,108,109,142,126,140,139,145,82,103,139,100,150,152,181,162,75,141,144,22,95,80,105,96,90,59,44,14,21,146,127,107,118,121,125,162,155,161,171,174,179,189,191,200,191,182,180,191,173,174,146,146,127,103,108,126,143,137,133,98,100,94,106,114,119,124,144,133,136,146,163,170,155,150,149,143,147,143,141,142,146,135,142,153,160,154,156,142,128,129,137,147,144,149,164,176,163,130,136,149,163,160,164,164,169,165,156,162,165,160,164
158,157,157,158,155,158,155,157,168,151,139,143,141,140,139,143,139,146,169,180,163,148,147,157,157,153,140,133,136,149,152,156,139,136,147,158,155,150,149,154,158,157,150,156,153,149,148,133,132,130,133,136,140,142,139,138,138,133,133,140,138,143,145,146,141,139,147,143,125,145,147,155,159,151,133,128,136,155,163,167,152,140,147,121,132,118,50,100,137,144,153,127,127,152,153,142,137,138,144,144,148,148,144,149,152,141,128,118,97,81,95,115,129,143,143,144,152,164,155,152,127,105,96,99,107,104,88,75,73,78,84,82,108,113,98,105,146,105,116,123,120,110,98,108,123,121,111,149,183,183,178,176,179,195,195,192,191,180,142,129,130,126,118,114,108,106,102,100,99,101,105,104,107,111,112,124,126,132,136,135,134,138,133,121,118,123,133,131,137,132,137,145,142,129,133,132,136,129,120,121,125,130,132,123,131,133,136,135,131,136,133,136,131,133,124,123,143,150,143,136,133,141,133,113,96,126,87,127,161,125,118,148,109,104,101,97,124,94,142,180,162,71,139,147,152,119,94,49,69,48,43,20,20,40,135,128,112,113,120,131,153,159,145,162,168,179,189,191,201,199,180,160,164,156,161,135,146,128,113,117,120,138,127,131,90,133,103,94,127,134,132,131,135,138,155,159,160,145,136,134,139,138,140,143,145,149,145,136,138,142,137,143,136,137,131,135,140,144,150,164,167,166,139,141,145,159,166,153,152,170,158,157,158,167,159,158
160,158,155,151,152,165,163,159,152,147,142,137,138,139,135,142,135,141,164,174,160,152,152,156,157,152,140,144,144,146,162,152,132,135,152,156,152,154,152,156,154,152,151,156,154,151,147,133,139,139,134,138,142,142,133,124,128,129,134,136,139,138,146,149,138,138,142,143,125,148,153,155,154,151,141,115,134,153,159,157,151,143,142,131,118,137,77,117,137,154,164,144,139,148,142,136,135,136,140,142,150,153,150,149,149,140,125,117,101,91,108,126,134,142,138,149,153,168,166,156,154,142,112,106,102,97,97,103,98,98,108,133,106,91,98,109,146,90,104,120,124,111,94,98,121,132,122,150,181,181,177,177,185,195,198,199,184,169,133,125,122,116,111,102,98,98,95,91,97,104,106,118,123,126,124,130,128,130,129,132,132,134,132,118,119,131,140,129,130,134,140,147,138,130,129,134,140,127,123,135,144,133,122,117,127,135,134,134,131,128,130,127,128,128,118,131,146,153,146,137,143,128,109,148,54,133,86,126,153,147,98,128,92,103,76,55,112,85,116,159,117,107,156,132,153,79,85,33,67,73,38,29,20,62,140,136,113,101,111,130,172,169,160,153,162,177,181,188,208,197,191,165,112,141,157,136,141,126,125,118,117,131,135,128,94,133,94,118,137,124,139,138,132,135,151,148,149,148,135,137,136,144,133,146,147,144,143,152,133,135,126,131,127,135,138,140,152,149,143,157,154,157,148,138,144,159,151,146,142,171,158,161,159,164,151,160
156,150,147,146,152,155,155,146,156,152,153,147,149,144,143,148,136,136,156,156,152,158,163,149,151,144,143,147,147,142,147,145,139,146,157,157,152,150,140,153,150,152,149,153,151,152,132,134,138,141,137,133,144,147,132,116,120,123,133,136,147,142,147,149,133,139,139,150,133,135,154,145,151,142,149,124,141,161,155,152,148,146,151,144,94,148,82,118,128,153,144,136,144,137,135,135,136,136,135,139,146,146,151,146,147,141,129,119,103,108,128,135,141,146,149,140,144,144,152,172,141,145,136,128,126,120,115,116,128,133,117,113,103,99,110,120,142,92,106,120,121,109,107,105,117,128,121,153,182,179,175,181,192,196,201,195,186,159,129,124,112,110,110,109,114,109,110,114,121,121,120,123,121,120,123,124,132,130,134,129,134,136,126,120,116,138,139,135,119,142,151,148,135,122,120,134,140,131,125,146,145,131,111,113,120,129,128,130,128,129,121,128,131,129,129,136,151,147,154,148,136,145,90,108,119,87,123,141,101,162,96,125,79,110,85,76,89,76,112,131,90,94,110,64,82,107,83,90,61,81,23,27,25,95,143,137,119,107,112,130,148,141,154,155,163,177,187,198,208,200,196,189,126,137,132,134,142,144,135,135,117,133,125,130,99,116,92,140,134,137,143,136,141,130,140,144,146,147,137,140,149,141,141,143,133,128,142,142,144,133,125,116,116,133,135,146,161,152,145,151,153,149,155,148,132,132,128,146,148,163,162,185,162,143,139,165
150,148,146,149,143,153,150,136,149,154,155,158,153,143,141,148,131,123,138,146,149,156,159,152,152,141,145,153,144,136,135,122,132,149,154,150,149,143,142,143,143,145,147,152,152,151,132,144,139,134,139,141,149,149,137,122,118,115,128,143,146,146,143,138,131,142,144,138,128,126,144,143,145,146,143,145,140,152,162,158,152,147,153,149,89,125,87,110,122,140,115,138,131,139,137,137,136,136,139,145,142,142,149,140,140,137,129,121,108,116,130,137,142,149,149,131,128,137,135,181,187,158,148,140,137,138,147,153,148,121,117,116,110,106,116,125,142,106,113,116,125,115,117,111,111,113,122,156,181,177,175,186,200,203,200,194,179,180,122,119,115,116,117,115,116,106,103,116,124,127,127,125,121,122,128,138,143,135,125,131,138,140,142,127,129,138,126,123,118,148,148,138,128,123,119,137,143,138,132,145,141,127,111,110,114,121,136,138,132,129,122,126,126,137,131,135,139,140,149,148,145,136,128,84,70,82,89,110,71,179,192,84,69,151,108,77,113,94,105,109,133,72,147,151,167,86,50,49,94,101,24,33,24,96,141,147,115,109,120,133,138,163,172,173,175,179,187,209,211,204,201,201,175,156,133,137,145,143,143,136,128,141,133,131,106,90,120,133,131,146,144,138,143,128,147,141,147,148,139,132,148,149,151,149,138,137,148,147,131,139,130,122,128,131,130,156,158,154,150,133,158,152,155,158,132,128,127,145,151,145,152,180,160,150,152,161
162,157,148,149,147,159,146,141,157,162,166,165,160,152,154,157,135,117,121,129,136,153,158,156,141,148,145,158,151,145,138,116,110,134,142,142,148,152,153,145,146,145,140,144,146,138,123,139,127,123,138,148,147,146,140,129,121,114,124,137,146,149,157,147,139,146,148,137,126,122,115,147,141,148,149,136,131,153,149,152,155,156,147,142,135,94,62,100,104,128,134,143,133,135,141,140,138,137,141,148,138,135,140,139,144,135,127,121,111,121,135,139,142,148,147,136,130,133,153,155,201,183,176,162,147,145,154,153,146,139,127,122,121,117,129,133,140,125,115,124,148,133,115,117,111,100,104,158,185,183,182,191,200,203,200,194,186,174,151,118,118,116,115,122,123,115,116,132,136,133,128,125,123,125,132,136,142,137,130,130,132,144,172,159,131,142,131,132,138,140,141,136,135,131,126,133,134,131,131,136,135,128,117,112,112,119,143,147,139,133,129,128,136,141,125,120,125,131,142,145,140,136,130,132,100,79,88,98,45,133,74,72,68,107,103,90,79,94,121,72,149,64,141,151,129,98,61,32,114,76,89,71,39,124,144,145,134,116,120,132,136,168,168,176,185,192,191,204,213,209,185,195,181,143,144,136,137,139,136,123,140,121,139,134,106,116,126,132,130,144,149,142,131,124,132,130,144,148,139,153,149,144,152,153,147,146,140,148,134,122,130,140,133,136,141,139,146,168,156,129,138,145,151,165,152,115,116,147,165,168,149,181,175,163,169,159
172,161,154,163,156,152,154,158,159,164,170,167,168,163,163,159,144,129,126,129,133,153,153,149,149,143,151,157,155,153,146,126,111,125,140,143,155,160,163,159,150,154,149,155,155,137,128,135,126,131,140,146,143,144,145,138,137,133,134,139,143,143,157,159,145,147,151,137,133,142,129,136,141,144,142,134,131,143,153,156,157,153,145,143,140,66,72,90,91,147,160,144,144,136,139,137,134,131,135,139,137,126,134,131,137,137,130,125,115,126,140,141,139,144,145,138,128,127,130,142,201,192,178,170,153,150,154,167,165,151,143,131,128,128,141,140,136,137,132,140,157,143,140,135,120,114,108,164,185,185,185,192,199,200,203,196,181,171,148,122,121,117,122,130,132,127,134,136,138,130,121,121,123,126,128,130,138,136,139,133,134,136,139,142,132,139,148,142,138,148,153,145,132,131,136,125,123,130,132,128,126,129,123,115,110,124,135,142,138,132,130,130,145,133,120,116,122,130,137,140,132,128,129,111,70,63,48,66,130,157,78,86,79,126,78,113,108,84,97,121,133,75,164,156,105,79,50,127,151,146,128,138,24,100,150,141,146,123,125,135,127,171,177,178,184,186,183,197,208,212,195,191,181,128,132,141,133,132,131,134,115,87,132,128,109,131,139,127,121,143,143,133,119,123,128,132,135,148,153,164,156,153,181,162,153,145,144,151,153,139,135,142,149,148,156,149,150,166,146,125,132,134,141,158,146,106,103,159,173,146,155,180,180,158,172,167
159,147,151,164,161,158,142,142,152,161,178,178,152,160,159,156,159,153,154,150,144,159,155,147,138,145,130,158,165,158,150,151,126,120,137,147,160,163,175,147,158,160,165,177,183,133,120,141,140,144,140,141,138,145,147,141,145,151,144,144,149,147,147,148,145,152,147,136,142,123,136,136,147,137,136,129,120,150,150,147,156,150,149,153,119,65,73,80,120,167,162,153,130,125,138,132,129,122,131,135,139,126,133,124,130,135,137,127,118,127,143,140,134,138,140,135,123,122,132,146,167,199,187,175,166,162,164,175,171,163,143,150,140,137,139,140,144,131,134,136,141,130,149,135,105,115,120,169,183,180,190,193,196,199,202,195,179,171,134,122,116,114,124,137,133,132,128,136,140,124,123,133,139,134,125,124,135,133,137,142,150,143,135,131,141,133,154,143,131,143,141,152,142,131,140,124,120,140,138,129,123,125,129,111,109,127,129,134,138,138,128,132,145,126,125,119,120,128,132,137,130,125,120,111,60,63,62,124,120,54,92,76,130,121,64,72,62,75,89,120,139,111,145,182,60,55,79,142,149,136,144,150,10,73,142,144,153,142,136,125,126,177,177,181,189,180,184,187,191,209,196,191,141,126,129,139,140,131,134,146,113,133,139,143,111,127,133,129,128,141,139,139,134,136,140,132,136,135,163,156,155,169,180,146,161,154,156,159,159,145,129,141,164,125,142,141,156,161,127,121,134,123,132,161,149,134,110,159,176,139,155,172,183,158,164,169
149,141,144,160,168,160,154,143,154,158,173,180,166,163,157,152,158,162,160,150,148,159,147,141,128,133,151,149,163,164,144,147,131,133,122,154,166,160,156,149,150,157,165,167,166,134,134,144,135,148,151,142,142,146,141,141,150,154,150,153,156,168,162,154,142,149,154,159,151,135,124,121,136,133,133,134,111,143,155,143,148,147,150,137,90,61,69,87,118,159,158,159,126,133,130,139,127,122,121,127,140,131,132,129,136,131,132,128,126,128,139,134,126,131,136,139,137,137,135,140,147,204,192,180,171,168,167,177,171,171,169,153,144,148,141,142,149,135,133,120,125,124,144,126,110,112,113,172,187,182,187,189,194,194,198,203,174,165,130,121,113,114,135,141,131,126,130,139,138,124,127,145,142,128,116,121,132,133,134,135,139,141,134,130,135,135,143,140,131,130,130,132,133,126,140,131,127,128,139,139,129,128,131,120,114,115,123,128,130,120,140,142,138,146,133,122,129,134,124,126,130,133,115,129,39,40,66,92,66,111,147,107,114,99,70,78,78,71,74,125,124,70,158,156,107,65,62,74,154,92,134,142,116,158,140,146,150,158,146,130,143,177,181,186,184,176,178,178,171,181,179,194,130,131,118,118,118,132,137,135,130,131,139,133,128,134,139,140,147,155,167,170,162,147,147,131,134,143,156,147,153,147,161,158,161,155,166,155,154,155,114,143,160,148,144,137,156,153,127,110,130,136,117,153,157,149,114,156,178,157,157,158,179,159,162,166
162,142,149,168,174,154,167,157,152,162,162,166,164,162,152,152,144,150,148,147,142,150,141,135,125,138,137,150,167,162,138,143,147,138,131,126,152,167,177,160,143,146,158,155,146,129,133,149,144,158,161,139,139,155,139,135,153,155,155,146,145,160,157,163,139,142,154,179,177,173,140,137,131,139,124,133,111,138,153,138,146,149,136,118,85,48,67,129,130,131,145,138,129,142,128,129,132,134,135,136,139,135,135,127,131,129,128,127,132,131,127,132,129,124,133,142,152,152,146,144,140,193,194,183,175,173,172,173,185,172,136,154,151,153,148,147,156,140,130,117,121,123,128,130,111,109,108,178,190,188,186,188,193,198,199,201,183,153,124,118,107,112,131,137,128,119,126,142,138,129,135,152,143,122,108,114,122,129,132,132,128,132,128,123,120,115,126,138,129,119,130,127,125,125,137,131,125,131,139,143,143,131,129,135,132,131,139,135,130,123,148,146,138,147,131,129,137,137,125,132,132,116,145,80,42,44,180,124,52,94,65,72,81,66,71,77,82,159,71,125,121,110,140,73,48,67,152,154,74,88,157,149,144,148,146,140,148,163,149,129,128,187,173,181,178,168,177,168,144,142,187,189,130,126,137,131,100,113,122,126,152,131,134,134,139,143,143,137,137,147,159,170,165,151,134,144,140,153,151,146,157,142,140,151,154,156,155,149,163,169,142,123,151,158,142,128,147,150,129,113,134,143,121,148,139,157,125,147,159,154,156,160,171,164,163,161
158,163,169,175,171,154,165,163,165,179,160,158,152,167,151,148,142,156,146,143,138,153,148,137,144,142,143,147,158,165,141,137,137,141,141,132,155,163,185,158,126,133,147,150,139,134,120,136,154,161,163,141,126,143,143,146,166,157,153,147,143,147,148,155,148,145,147,155,165,173,146,141,137,143,139,141,136,141,151,138,144,135,111,120,99,70,125,165,151,132,131,128,134,137,142,139,139,148,151,146,123,132,134,130,136,132,128,120,128,133,128,133,132,130,133,140,154,155,153,152,154,154,199,187,181,179,176,176,170,144,154,170,161,158,156,151,160,139,132,124,117,129,127,130,117,114,109,183,189,193,191,196,195,201,201,205,182,169,119,116,109,123,134,136,132,124,124,140,138,135,138,143,138,122,111,114,117,129,140,139,136,135,134,128,118,112,122,129,127,122,124,122,120,115,122,121,120,126,131,133,138,137,123,137,137,116,128,129,135,136,149,149,145,134,128,139,147,133,129,140,141,91,88,47,62,42,138,132,155,150,93,83,89,67,65,56,71,75,73,116,173,158,165,104,82,166,109,169,61,131,129,131,147,140,136,147,156,154,149,131,121,182,171,182,183,169,163,147,118,115,191,180,128,127,140,125,100,107,130,130,142,133,119,137,151,145,133,131,117,133,143,152,142,139,139,159,153,145,148,132,150,111,126,158,160,139,137,137,163,169,147,120,157,142,138,127,124,144,140,127,132,107,120,138,137,155,124,136,146,150,159,173,162,172,169,157
171,168,157,161,177,165,186,175,170,166,143,154,168,146,146,151,169,168,147,145,144,149,150,147,153,149,152,148,162,170,155,124,133,160,150,153,148,141,166,156,141,125,134,129,138,143,119,120,156,153,166,143,132,143,156,160,145,137,141,138,137,136,146,150,141,133,144,154,149,153,140,142,154,152,138,136,143,118,146,131,140,136,84,119,132,100,97,145,158,153,141,162,143,136,143,128,125,141,160,144,117,121,140,125,138,130,128,120,134,135,136,135,127,138,131,142,151,155,146,134,144,144,205,192,184,185,179,174,179,161,188,183,167,161,152,157,159,168,130,126,114,118,131,117,113,116,106,190,187,191,189,195,197,198,201,202,188,167,151,115,120,130,137,138,137,131,130,131,130,127,131,130,133,126,119,111,113,128,145,140,146,140,138,134,120,122,127,131,112,123,128,128,119,113,123,126,125,130,128,145,143,132,119,136,120,102,115,127,130,127,136,156,127,126,129,132,128,159,166,160,152,148,113,84,34,60,107,103,50,101,72,82,114,49,65,73,134,129,79,89,148,159,64,68,149,170,114,119,104,149,140,126,155,131,152,158,163,157,139,120,129,170,156,170,179,161,155,140,127,141,182,170,139,135,116,108,99,119,138,146,142,127,124,132,133,157,150,127,126,138,152,143,156,173,166,145,148,140,147,143,174,86,165,151,150,146,140,135,157,148,149,141,144,148,142,133,144,128,161,145,138,118,141,149,155,150,122,136,127,150,147,153,164,172,167,171
174,144,121,120,157,175,182,170,155,158,141,148,157,182,157,174,183,170,149,142,141,145,139,148,157,158,155,165,168,172,150,125,128,163,162,148,143,135,138,145,144,144,139,127,136,129,130,121,138,152,163,157,146,140,153,163,153,146,129,149,139,134,136,140,143,128,129,142,151,146,152,144,154,142,134,140,148,113,146,152,137,131,99,102,128,111,118,157,109,135,152,153,134,131,136,109,124,141,146,141,115,119,125,142,135,124,129,126,138,135,141,132,123,140,132,136,146,158,152,137,141,138,189,198,183,183,181,176,190,177,188,185,173,170,167,160,167,165,126,127,108,109,142,124,114,118,110,189,188,185,185,191,203,203,206,202,187,167,144,119,126,134,146,152,145,131,134,118,125,138,131,127,126,130,122,108,116,129,132,136,140,139,143,146,137,119,128,119,126,132,137,140,144,130,131,138,133,130,137,141,139,139,121,128,127,70,101,136,132,130,137,152,125,119,134,134,139,155,181,172,150,158,133,80,38,94,78,94,42,190,72,61,78,61,74,66,128,122,87,81,118,169,137,84,143,133,149,95,90,138,143,134,134,81,144,140,156,146,131,130,126,171,166,177,175,161,150,129,123,148,187,175,149,161,110,112,114,112,143,134,147,120,114,149,148,115,130,136,131,150,163,154,156,174,141,138,130,125,141,152,164,84,152,171,179,150,143,125,166,157,154,151,156,151,140,128,122,127,147,168,130,162,154,161,160,163,127,145,146,144,147,173,164,166,171,184
169,150,150,161,150,159,166,161,156,154,146,142,185,174,142,154,155,139,138,143,140,152,136,159,154,163,146,147,160,167,141,126,135,147,170,148,149,135,129,149,144,149,152,141,128,131,133,128,131,137,136,155,137,141,152,141,138,158,149,137,139,139,132,127,131,127,124,141,169,157,136,153,170,146,144,150,146,122,133,155,149,120,103,95,115,118,95,169,113,162,126,141,143,132,127,105,110,125,134,157,123,127,175,149,134,135,136,128,132,142,135,133,134,140,127,127,141,155,149,138,157,158,145,209,182,171,180,178,187,174,196,193,180,176,167,156,170,168,146,148,123,99,113,113,110,109,111,189,175,177,182,194,203,206,210,207,191,175,147,119,122,127,134,139,143,129,137,122,124,140,140,127,122,129,124,111,112,121,129,137,135,135,140,149,138,117,143,126,140,121,129,141,143,125,127,141,134,125,136,143,133,129,140,144,149,83,110,142,140,130,135,135,119,113,134,127,142,154,137,146,68,125,72,38,53,53,39,32,51,123,90,63,52,60,62,79,146,86,111,110,126,98,46,77,119,90,107,118,147,153,139,141,135,87,159,149,154,136,123,124,115,165,180,178,178,163,146,143,137,132,195,174,149,140,123,114,121,126,145,132,141,108,108,144,152,123,119,125,146,153,154,153,174,181,169,149,124,130,156,131,116,106,148,151,161,149,138,134,166,176,171,162,160,163,136,131,123,121,149,158,156,159,155,159,143,149,126,144,156,160,175,166,168,162,170,179
163,161,164,167,161,149,168,171,163,137,136,153,198,151,147,146,149,138,143,136,133,158,158,165,162,164,137,146,154,156,134,125,144,134,139,136,126,119,121,141,148,153,159,147,102,118,127,122,113,111,122,150,139,141,131,116,131,137,133,145,142,139,137,142,130,135,124,170,178,158,157,158,170,153,146,149,134,158,133,162,110,121,148,103,100,138,88,173,111,119,124,140,139,135,135,105,109,119,117,97,144,152,136,105,137,142,145,134,127,135,121,125,136,137,123,128,147,151,140,129,163,156,127,203,188,137,176,187,184,173,197,195,184,182,167,164,166,175,129,121,117,106,97,107,110,112,121,186,178,166,181,189,196,202,210,209,193,179,141,120,113,125,126,127,133,134,129,127,128,133,140,141,134,129,129,125,120,124,131,128,124,134,146,145,129,122,143,125,127,141,130,147,142,142,154,155,133,120,143,133,140,150,141,159,149,91,112,122,125,139,149,136,144,134,126,148,144,145,128,161,43,54,46,42,38,81,55,41,62,54,82,57,122,43,68,155,163,74,79,106,126,104,72,40,105,125,101,147,165,155,136,134,120,127,154,157,137,125,128,118,103,144,175,168,171,157,144,150,137,124,200,165,152,150,121,112,123,140,152,153,145,122,111,162,150,143,125,147,155,153,146,164,165,110,161,160,152,153,137,139,92,138,152,139,142,147,147,147,151,181,160,147,148,174,151,140,133,125,156,173,177,151,162,154,139,141,121,136,165,167,155,152,152,172,179,179
157,152,148,144,137,129,152,177,158,145,146,147,164,164,140,133,137,141,132,135,147,149,157,155,153,159,139,145,163,151,135,128,150,144,144,158,125,121,130,132,141,148,137,108,98,104,108,94,98,104,113,138,143,145,96,131,127,143,140,131,144,149,133,134,141,134,146,119,138,147,144,143,157,148,174,173,145,133,134,167,159,82,129,117,123,124,79,114,115,111,143,142,126,132,132,93,113,88,66,101,85,139,148,118,123,137,148,148,131,128,116,123,135,133,123,135,152,155,141,136,148,147,125,205,180,171,162,183,180,166,194,193,184,181,164,159,163,182,122,109,106,102,122,118,105,106,109,161,157,157,168,182,192,197,203,209,196,171,138,115,107,124,122,127,117,126,124,121,126,132,136,146,141,132,129,143,134,128,134,133,130,138,142,143,139,135,118,129,107,156,139,140,141,148,160,150,140,132,151,142,163,152,129,135,144,106,145,127,114,134,142,154,152,142,124,133,150,136,128,163,148,39,34,102,87,51,18,47,45,80,80,47,72,54,66,134,170,89,119,101,86,216,75,62,90,38,133,165,154,166,135,116,103,133,138,147,137,118,110,120,107,133,174,165,159,174,167,147,141,142,204,143,157,158,148,113,146,146,160,172,125,139,102,169,138,137,165,139,161,156,127,143,141,127,152,164,140,119,121,104,98,148,136,139,141,129,132,140,138,165,176,138,160,167,163,135,145,139,150,151,164,169,149,145,139,154,126,132,186,151,149,144,177,180,178,173
153,155,156,140,137,129,147,150,160,147,149,190,171,140,164,134,138,141,146,156,137,155,167,170,169,164,139,152,166,161,145,129,131,147,162,170,160,116,134,139,164,132,109,87,105,94,107,96,97,152,116,137,145,133,113,140,112,143,142,121,171,144,144,138,147,160,164,123,154,124,141,172,154,155,158,162,170,132,132,107,152,158,128,135,103,147,94,126,95,93,142,153,126,92,110,104,87,71,98,108,98,126,140,111,123,144,146,137,134,141,125,145,145,142,141,132,143,156,152,163,146,140,141,189,169,168,122,136,164,144,191,193,186,182,166,158,165,179,128,108,98,92,109,110,108,95,92,135,138,126,140,161,182,188,200,202,189,166,134,115,110,122,125,122,122,118,115,124,122,127,132,133,137,127,123,141,126,118,127,132,131,136,137,135,145,149,130,128,116,153,141,132,135,128,130,129,126,129,150,137,133,143,133,153,136,108,139,137,136,130,134,141,132,138,128,119,135,139,126,136,163,128,55,107,86,74,60,43,52,128,86,59,34,76,81,145,117,94,101,91,112,170,61,88,102,152,171,154,160,158,123,133,120,128,91,150,132,124,129,116,117,137,174,165,160,168,180,162,134,161,178,128,152,156,149,117,129,145,156,141,140,137,111,140,141,121,175,160,168,173,143,169,149,148,147,132,131,112,146,84,114,158,153,155,158,149,133,135,143,164,173,144,146,169,168,137,156,147,153,143,153,159,145,135,128,152,132,140,167,177,149,156,159,167,169,166
159,174,159,152,151,137,140,143,134,156,150,190,153,138,155,150,143,153,156,165,158,162,180,180,177,165,137,147,162,165,154,148,140,163,158,160,145,148,128,133,130,131,115,97,91,102,86,110,76,116,118,111,145,133,131,145,116,134,122,123,138,136,122,132,149,147,133,129,123,125,144,180,183,144,142,154,151,155,142,123,118,147,103,134,157,110,133,122,120,131,103,128,92,89,129,93,82,75,113,104,109,124,131,125,117,138,133,126,134,130,126,147,142,132,139,137,147,147,158,160,144,141,145,175,170,151,157,143,153,137,192,198,192,186,167,159,169,177,119,108,103,91,111,123,131,105,104,131,118,118,111,132,167,174,193,201,187,165,132,114,114,121,128,130,128,119,115,128,132,133,142,146,145,128,120,132,104,82,120,127,129,132,139,140,137,137,145,143,127,151,150,137,143,127,127,130,117,120,137,136,134,130,139,137,110,117,119,115,137,133,140,144,136,136,144,120,130,133,122,116,154,116,48,87,59,68,67,109,83,120,126,42,82,66,84,123,140,106,84,115,128,89,51,76,102,172,162,162,151,158,78,155,133,127,144,120,167,151,141,132,106,131,167,169,170,176,172,157,144,177,163,132,150,144,149,144,114,153,170,130,133,135,137,136,118,155,164,173,171,174,154,143,84,150,148,137,107,132,168,104,87,125,162,164,166,162,124,129,132,174,170,149,158,190,167,162,168,168,133,136,147,152,133,132,153,166,135,151,134,187,146,159,159,161,162,170
167,157,154,156,155,138,131,135,146,146,151,183,152,170,141,167,142,157,155,152,132,152,175,166,164,162,147,141,149,157,143,163,149,165,152,155,143,149,128,132,95,117,125,109,97,121,96,87,87,98,125,122,124,117,147,136,103,133,134,165,122,141,145,136,143,153,139,143,114,118,155,146,164,142,133,151,146,121,149,138,125,117,159,136,141,99,93,131,98,132,128,119,121,103,99,84,96,63,80,93,111,119,117,117,118,136,134,129,131,123,117,126,144,132,140,141,137,139,152,149,137,145,137,152,160,150,153,153,146,174,189,198,194,185,166,163,172,179,113,99,95,91,100,125,134,112,122,143,140,124,129,108,136,147,180,197,177,155,144,121,122,126,130,138,150,148,127,136,133,128,139,134,136,138,125,147,120,75,130,135,132,127,138,124,131,140,135,140,125,147,152,140,137,135,133,130,118,116,132,146,147,155,152,128,98,139,133,113,138,132,124,112,135,121,141,121,122,127,128,153,131,157,76,89,101,147,62,63,109,127,41,40,48,59,96,155,85,86,78,93,103,73,75,130,179,170,162,171,161,156,114,152,143,114,144,136,155,144,145,151,117,133,161,167,181,175,165,163,162,184,144,144,156,144,149,137,141,164,157,135,147,149,144,135,128,147,173,158,157,169,178,169,117,142,152,137,122,131,164,115,83,154,141,156,177,162,154,115,148,167,167,172,168,176,169,160,174,169,147,153,139,167,151,152,167,182,140,141,147,181,161,173,148,152,163,171
152,148,157,152,153,142,134,127,183,163,175,175,154,172,156,174,141,158,154,143,159,149,149,157,165,139,156,141,166,176,163,153,140,162,146,150,155,163,136,134,107,103,107,105,102,127,121,79,78,99,120,130,119,118,123,124,120,130,128,167,119,120,143,154,155,140,144,149,101,124,157,151,129,148,153,142,145,122,102,131,140,129,109,115,120,94,103,85,131,130,150,158,172,123,105,129,125,102,108,88,85,113,83,87,122,153,139,120,121,112,117,137,157,139,128,139,127,149,150,146,131,130,150,134,158,147,151,144,142,174,194,192,188,177,158,163,174,168,125,94,104,111,125,121,134,115,118,145,125,132,133,129,118,139,164,188,174,148,127,117,120,140,125,124,144,132,130,141,141,129,138,137,132,138,149,163,129,85,123,124,137,130,139,124,130,131,132,145,133,132,143,135,135,152,134,131,132,124,130,145,132,148,153,124,102,119,122,104,148,144,96,110,122,127,114,116,126,124,136,153,142,151,88,90,138,152,90,133,94,72,69,40,57,59,71,147,85,106,79,137,104,93,110,173,173,170,166,163,162,142,154,150,147,122,134,124,160,161,173,136,115,122,152,175,176,168,164,165,177,192,136,145,161,136,128,137,148,135,144,126,128,129,109,139,135,147,149,153,184,166,152,137,122,151,170,140,120,108,159,127,132,148,161,163,140,155,183,116,148,160,180,162,156,145,148,158,176,166,145,159,158,187,137,173,160,189,144,141,138,166,159,150,133,166,146,168
145,156,150,134,132,145,124,170,189,162,169,168,147,169,169,138,151,148,130,132,141,159,190,163,154,152,155,149,161,189,171,146,137,138,149,165,164,159,145,143,129,125,118,114,111,126,117,87,71,117,120,125,96,115,133,159,157,119,109,161,131,129,139,133,140,140,156,162,123,139,143,149,128,141,166,137,157,133,112,121,102,121,134,133,117,116,137,91,111,150,143,119,141,104,133,119,115,115,127,115,106,128,91,92,101,125,132,109,113,111,107,131,134,125,127,133,130,144,138,147,143,139,138,132,156,143,152,147,138,172,190,188,184,172,163,162,173,161,96,108,109,108,107,128,127,122,103,143,121,119,130,128,124,137,156,182,170,146,128,109,119,138,117,129,142,142,153,160,150,141,147,138,162,148,138,152,133,105,124,117,121,137,141,146,136,125,141,138,140,126,139,149,136,147,134,136,142,107,138,142,121,134,144,112,110,134,124,120,152,121,111,105,133,129,113,111,125,128,135,148,130,129,68,75,121,139,74,62,68,96,58,94,123,96,80,137,107,73,99,140,98,135,183,155,176,168,164,159,160,154,154,145,133,128,134,133,147,161,156,148,116,132,143,181,177,167,164,172,172,182,148,164,146,145,138,121,133,149,134,123,130,102,87,107,139,174,157,149,160,149,144,146,149,161,183,165,129,117,135,100,120,120,156,166,162,136,146,134,174,176,188,156,160,176,164,150,162,153,148,144,184,154,129,149,164,186,142,137,132,166,167,149,127,135,166,157
164,160,158,140,145,158,133,155,163,154,169,168,156,149,169,126,155,161,156,142,144,156,166,147,145,157,145,125,152,153,145,145,122,140,158,161,157,153,139,112,126,108,116,88,103,135,149,138,108,115,111,99,114,148,136,134,152,133,143,160,140,148,135,126,123,130,160,160,125,155,148,146,130,134,156,143,154,150,124,118,117,127,125,150,134,109,131,116,94,116,121,123,123,90,117,89,103,109,123,126,124,143,106,96,102,100,129,110,125,126,116,119,123,135,132,142,143,131,137,151,154,144,137,152,152,134,142,149,148,172,181,182,183,175,167,162,169,157,113,105,102,108,116,118,121,140,117,114,135,110,113,116,128,134,146,172,169,146,137,119,126,118,112,131,145,134,142,142,139,141,149,144,156,142,130,152,124,124,147,134,119,132,134,143,136,121,138,136,138,126,147,147,143,151,148,115,121,96,80,119,150,140,146,102,114,129,140,158,153,106,102,142,139,122,133,138,131,118,116,135,137,81,44,112,126,131,72,104,138,58,119,135,78,79,92,127,116,66,138,95,102,153,199,158,179,165,160,154,147,133,150,135,117,132,137,148,158,166,158,172,141,128,133,182,181,170,170,158,173,187,141,136,152,146,125,118,151,159,120,134,133,108,112,134,139,159,145,155,164,146,146,147,145,142,170,176,131,118,148,81,144,118,163,158,152,138,143,149,136,149,164,164,170,168,172,165,165,165,161,137,114,137,130,145,161,176,147,144,150,153,152,159,151,143,160,141
175,159,153,155,139,162,137,157,163,154,155,139,143,154,182,137,151,151,143,141,141,155,140,143,156,181,173,130,131,156,146,133,116,125,142,148,155,150,147,156,112,98,121,94,76,97,115,134,130,138,138,138,150,154,171,132,133,139,140,132,128,142,142,130,130,122,147,150,132,130,137,139,129,127,151,150,135,145,120,113,126,117,117,136,132,90,103,103,86,95,125,117,132,132,138,83,92,126,127,130,128,132,107,105,99,95,121,109,131,120,107,122,126,138,121,138,143,139,145,147,161,151,148,151,168,154,129,135,151,173,179,179,179,170,165,165,163,161,124,117,124,111,119,111,123,145,128,139,131,119,106,122,127,132,143,167,162,140,122,117,135,132,121,135,144,136,133,131,121,133,142,131,134,133,141,143,106,123,122,133,135,130,136,131,133,124,144,141,131,134,146,144,145,131,145,131,140,135,114,135,174,138,137,98,122,139,142,139,140,84,80,128,148,128,143,143,130,121,123,139,133,109,67,121,143,146,95,107,121,57,122,124,73,72,96,139,107,61,135,88,112,158,194,171,176,158,156,151,143,129,148,135,127,139,139,155,157,149,154,145,134,137,158,182,188,178,171,164,181,180,134,86,131,125,125,140,136,149,131,155,149,124,122,130,124,161,143,156,160,127,148,130,140,150,143,158,129,145,122,99,135,138,174,156,142,135,182,150,150,134,158,145,180,164,195,171,185,158,156,145,141,145,182,164,153,147,155,162,151,148,153,156,153,153,151,135
172,173,164,167,164,134,134,152,164,148,158,138,136,157,140,144,133,153,150,139,147,154,150,148,152,152,178,147,135,161,141,127,117,133,130,161,167,168,139,138,109,109,109,118,74,110,110,152,143,141,136,132,149,167,180,140,124,130,122,122,117,143,148,137,115,138,132,160,163,145,128,153,149,139,142,138,127,122,123,127,135,124,118,138,125,80,104,100,107,99,142,119,119,132,133,106,124,128,145,160,126,123,122,132,115,124,112,107,136,124,126,139,129,124,121,137,140,151,185,179,162,155,139,134,146,141,127,127,146,159,178,179,175,165,160,164,172,160,132,116,118,106,113,125,136,149,139,129,139,131,117,108,104,126,140,163,162,133,117,110,130,130,123,136,149,124,119,136,126,124,138,136,143,139,144,113,102,132,115,121,135,133,127,131,127,134,150,144,128,134,140,144,141,149,157,144,113,90,119,133,138,145,127,104,135,138,128,119,102,73,63,135,154,124,147,131,116,116,118,133,130,96,82,138,144,139,101,110,95,72,119,102,109,72,83,121,130,91,106,114,105,156,198,164,175,164,159,158,153,146,148,154,138,135,140,145,134,142,153,142,125,142,163,184,182,182,178,178,187,159,144,106,124,116,119,122,133,120,130,133,141,122,119,125,130,106,143,153,147,128,134,79,113,129,151,137,115,138,142,87,149,137,163,160,142,139,170,146,131,147,149,168,186,162,166,156,140,147,144,147,137,147,183,154,167,152,158,172,160,145,169,180,162,137,141,142
173,173,165,148,156,151,130,146,154,140,135,149,152,146,132,143,138,142,141,146,147,167,143,145,151,144,143,146,145,158,142,141,133,134,128,153,165,140,150,134,104,97,126,120,79,112,120,135,120,128,141,146,148,152,164,148,130,112,121,122,120,120,123,144,141,158,147,156,161,145,151,156,145,153,148,134,137,114,108,111,121,117,110,132,134,85,83,61,114,137,138,137,122,124,132,119,135,127,137,146,126,150,146,132,137,146,113,106,137,127,124,149,129,120,122,132,142,142,155,160,155,153,126,129,136,132,120,123,137,147,172,172,169,161,153,157,163,149,149,133,123,114,106,110,132,149,130,134,132,126,127,108,122,136,152,151,146,136,113,107,123,120,115,140,139,116,113,131,132,120,143,146,156,155,149,108,109,135,121,117,149,128,107,122,123,130,146,139,147,133,127,139,140,146,149,141,125,119,114,103,123,142,113,102,135,132,133,104,85,76,92,142,162,113,132,112,121,111,119,136,136,100,97,139,124,127,99,97,59,123,109,97,99,76,77,116,130,85,107,136,108,136,190,169,171,165,162,157,150,147,150,151,134,134,141,145,144,134,133,136,123,138,156,177,180,189,190,187,187,145,136,120,115,124,113,108,106,95,104,128,139,125,132,136,132,142,133,134,138,118,124,81,101,121,142,143,125,135,141,85,113,138,152,149,136,150,160,155,147,156,143,144,186,157,147,143,161,146,152,147,147,151,157,167,147,149,150,162,165,162,191,185,150,150,153,153
176,169,174,189,155,140,139,147,137,130,128,151,156,146,151,161,139,146,150,141,145,171,174,154,177,170,152,153,145,175,146,143,135,152,152,138,149,127,124,122,104,107,123,119,94,88,107,132,135,144,161,159,152,146,152,138,134,129,144,129,131,124,146,143,150,145,145,151,157,140,153,153,137,154,145,147,144,120,106,107,119,124,130,136,154,141,134,89,98,122,131,136,134,137,129,120,127,120,125,147,138,144,121,112,127,144,133,115,128,131,127,142,144,137,134,136,145,137,172,166,146,149,130,126,150,151,115,114,130,136,151,155,159,160,156,154,158,151,153,138,116,121,121,110,128,141,134,121,103,130,132,117,125,126,122,138,141,132,102,107,131,136,148,151,114,113,128,134,128,125,143,129,135,141,143,103,115,124,112,123,154,123,104,112,126,132,137,138,149,148,152,136,143,145,141,136,135,158,141,113,119,142,111,115,145,135,144,109,92,107,125,129,153,128,115,113,117,120,125,139,139,104,93,123,117,120,103,75,67,128,109,126,121,100,87,107,120,80,110,150,114,128,171,167,166,163,162,155,148,144,144,137,136,140,148,149,143,140,135,134,124,132,138,170,179,188,184,183,186,141,134,121,108,117,122,108,107,119,128,137,142,135,127,136,149,153,121,113,145,120,125,106,118,120,128,146,132,143,133,109,119,140,148,142,169,173,141,124,126,127,131,135,165,158,145,133,159,152,160,140,146,166,159,163,163,150,142,125,130,141,179,172,150,155,152,152
184,180,173,187,175,158,151,137,146,138,139,159,164,145,146,173,153,163,180,166,155,165,162,159,161,144,159,148,141,153,138,141,149,157,150,152,157,146,133,125,105,104,101,113,119,79,100,123,117,130,156,154,148,140,148,137,133,129,143,152,138,120,137,141,145,141,140,144,158,140,150,145,123,146,151,149,133,119,109,108,123,136,142,141,141,126,137,109,88,102,115,145,145,137,129,126,128,124,120,130,122,134,121,113,130,139,137,132,131,140,139,149,150,146,154,147,141,136,161,156,134,144,142,144,150,147,131,114,132,126,134,137,143,147,144,155,168,157,150,152,122,115,123,114,126,134,135,108,103,128,146,123,128,128,115,132,139,133,98,110,134,141,151,144,95,97,128,129,135,110,128,133,137,140,135,101,124,130,134,148,138,108,115,125,131,126,133,136,143,146,157,141,138,143,139,144,156,179,175,147,123,133,95,98,143,143,140,115,95,120,132,123,148,127,133,111,106,111,108,117,134,132,108,124,113,107,105,58,98,135,144,136,138,107,109,112,131,104,124,134,119,149,151,154,156,152,151,146,142,137,140,137,137,142,149,145,143,138,135,134,129,136,137,172,178,185,188,180,182,138,132,122,132,135,127,131,122,130,133,131,140,138,138,135,147,142,125,119,140,124,114,110,122,128,130,126,165,147,141,114,126,137,142,143,171,167,148,138,143,160,155,150,153,163,145,136,147,146,142,132,144,174,159,153,138,133,141,117,117,135,159,157,173,165,158,146
169,191,170,162,153,146,131,133,146,151,148,155,172,151,136,150,148,152,161,135,130,141,150,184,170,157,153,148,140,143,143,147,152,147,156,151,160,147,139,137,114,120,120,124,113,96,106,126,121,143,155,156,144,131,152,142,131,126,138,153,141,122,134,146,140,130,123,137,139,138,143,154,128,144,144,136,130,139,135,111,130,137,139,147,146,146,144,153,103,107,99,142,152,140,130,138,122,126,122,140,124,130,122,115,131,143,165,159,148,140,142,143,137,122,132,139,134,137,152,151,137,147,153,147,139,137,144,121,130,122,111,117,120,121,130,149,173,155,151,147,136,123,116,120,123,138,137,110,111,139,160,140,125,115,128,144,140,124,101,127,139,131,132,114,83,81,128,142,120,108,107,148,147,146,127,102,122,137,146,159,122,94,108,137,136,123,133,138,139,141,142,143,135,135,133,132,145,154,151,131,112,128,87,105,139,140,142,131,113,111,130,132,147,150,117,113,117,119,109,112,121,128,124,126,124,118,109,85,127,135,140,144,140,129,132,143,139,128,137,141,121,155,154,144,149,143,141,138,136,134,137,146,148,152,151,142,143,145,141,134,146,138,152,177,184,180,175,179,162,120,123,129,131,121,134,125,117,114,114,122,140,144,146,149,144,145,129,151,146,128,127,116,124,140,120,119,146,148,140,117,144,133,138,145,142,124,139,140,152,168,163,155,161,162,143,148,155,140,150,132,151,168,176,159,134,119,140,128,129,151,179,193,189,175,145,142
172,180,161,158,154,153,142,130,145,140,130,137,158,154,139,126,140,149,156,142,141,147,160,181,170,153,148,145,140,141,142,154,151,156,142,144,151,139,132,142,127,113,129,133,114,104,113,122,126,145,151,148,137,125,144,144,132,134,133,151,149,126,133,144,141,128,124,128,134,139,148,154,149,144,127,136,150,163,135,117,126,137,155,147,147,158,160,159,126,121,94,131,147,147,141,140,122,121,121,136,122,131,127,117,131,151,162,142,147,142,135,127,132,130,136,137,135,138,147,144,154,160,132,132,133,137,148,130,131,118,95,101,113,124,129,148,177,169,146,142,134,126,121,116,116,132,137,121,121,123,150,142,126,119,115,117,127,118,110,132,136,129,108,91,76,85,137,150,125,126,133,155,148,138,119,111,131,138,135,134,108,81,95,138,133,127,130,129,134,139,138,136,131,129,128,129,141,150,144,128,123,118,101,124,131,125,145,163,141,119,120,139,144,128,103,103,108,121,109,105,111,122,129,129,125,121,104,96,121,133,141,145,146,141,147,158,156,143,145,144,128,147,153,146,150,145,141,137,134,131,134,146,157,156,151,145,140,142,141,153,150,133,152,173,180,178,181,171,146,111,119,125,125,127,127,126,109,103,118,133,142,145,148,156,154,154,135,146,148,135,121,123,131,116,129,132,159,163,146,120,135,108,95,120,135,119,136,132,143,164,158,158,165,161,146,150,156,147,146,137,155,167,158,174,143,146,168,149,149,148,167,199,198,177,149,139
156,155,153,158,153,159,147,133,146,143,134,129,140,142,144,153,140,132,149,154,150,148,160,161,164,153,150,149,150,147,145,156,160,150,132,142,145,139,134,137,141,127,125,139,119,115,122,114,117,137,147,145,139,138,152,142,146,132,135,148,153,139,141,152,149,136,133,143,143,144,149,155,147,135,133,133,139,154,151,149,148,141,143,139,144,160,159,155,147,135,109,131,142,146,141,132,119,118,115,128,120,130,137,139,147,151,143,120,133,131,116,102,110,121,123,118,128,140,141,140,140,146,138,137,132,130,142,137,135,129,112,110,123,139,142,153,176,172,152,150,141,129,121,123,131,139,129,127,130,120,138,138,130,125,122,111,134,115,110,135,137,134,108,89,97,113,131,151,130,123,121,125,134,135,115,118,135,133,122,107,88,74,102,152,135,120,121,121,128,136,136,133,128,123,121,122,131,151,147,134,136,118,111,128,116,123,138,165,156,123,127,138,134,112,112,125,119,116,110,108,110,117,129,120,133,127,97,96,121,132,140,144,147,148,149,152,152,144,145,146,138,141,153,150,155,150,145,136,131,128,131,143,154,150,145,140,137,134,137,145,148,140,153,173,181,183,175,161,131,110,124,137,136,135,133,136,101,86,102,127,149,159,158,145,155,162,142,135,144,147,135,137,133,134,145,143,157,154,144,123,120,92,77,98,116,114,132,137,140,141,141,160,177,176,156,144,144,140,134,141,154,162,166,168,151,157,170,155,160,160,156,182,181,170,157,145
158,152,156,148,153,162,158,146,144,141,128,136,147,139,151,167,134,125,137,146,154,154,154,157,158,155,148,158,156,154,141,150,155,135,133,144,138,140,141,134,127,136,134,134,133,130,132,116,113,136,149,151,149,153,158,148,150,138,131,136,148,150,148,162,161,141,131,140,138,135,151,159,156,143,136,132,133,149,156,154,156,142,130,134,128,144,156,153,152,128,103,123,140,149,143,127,118,118,113,129,128,134,140,151,153,146,130,125,127,121,117,106,102,113,114,102,119,136,136,135,144,146,142,140,133,126,131,134,129,135,135,123,133,149,154,156,170,166,149,153,148,131,125,125,135,138,132,125,126,127,138,141,128,138,143,130,127,105,112,142,143,136,115,95,115,124,128,142,134,123,121,114,127,128,108,122,137,132,124,99,89,99,119,146,141,121,115,112,118,126,131,130,128,123,118,115,121,129,137,133,135,119,118,137,125,133,136,148,157,136,135,135,127,106,115,131,126,119,118,125,122,119,132,119,135,133,114,116,124,128,129,133,142,148,145,142,140,136,138,144,145,143,151,154,161,156,149,137,128,128,131,136,140,141,144,139,134,125,128,135,148,151,157,175,178,172,166,158,133,124,130,133,145,148,129,143,125,119,120,129,146,162,164,150,152,153,146,135,136,141,148,145,138,148,145,144,149,137,130,123,109,104,112,116,117,113,139,141,146,143,139,160,168,173,157,150,146,134,133,140,147,156,170,153,147,147,162,154,157,149,159,165,168,166,158,150
154,160,167,154,141,156,163,156,150,139,136,155,156,149,158,161,136,132,143,143,163,173,163,160,157,149,144,158,169,161,150,146,150,129,132,146,149,155,154,149,134,134,134,132,137,142,138,121,121,140,158,158,154,161,162,161,162,153,140,136,153,152,153,162,161,151,137,127,128,143,139,146,147,152,144,134,132,147,154,152,158,154,140,130,117,128,147,158,153,135,115,124,148,151,142,128,119,116,123,125,135,140,147,160,161,150,138,136,132,128,128,120,118,119,110,96,109,132,140,138,149,147,134,131,128,129,128,127,127,129,128,124,140,151,156,154,160,162,153,155,150,139,130,131,143,149,148,126,120,131,141,136,118,120,141,132,116,96,103,135,144,137,125,111,117,128,132,143,140,125,126,130,123,122,108,120,141,142,129,103,101,118,128,139,140,128,115,107,109,119,125,126,127,122,118,122,121,124,124,138,133,115,125,146,138,135,139,150,157,148,128,124,120,112,128,127,124,117,113,125,115,120,138,130,132,131,137,142,138,122,126,124,132,137,137,129,125,124,127,133,138,143,150,152,156,154,146,135,130,131,132,131,134,140,146,142,134,124,126,137,149,156,166,174,170,169,164,150,138,132,135,133,151,148,135,139,146,150,144,129,138,145,145,141,154,158,148,156,145,146,149,134,149,156,152,150,150,135,133,117,102,113,130,130,117,116,139,139,142,145,148,162,171,164,158,158,156,142,123,124,137,146,169,157,145,153,162,158,154,158,156,145,157,158,156,148
159,161,162,154,149,159,158,150,148,127,148,162,157,149,159,161,140,136,149,155,171,176,166,160,155,148,144,150,166,169,159,149,153,145,141,147,145,150,163,167,155,145,140,137,141,142,139,129,129,141,152,153,152,159,160,160,161,155,143,132,141,159,158,160,156,147,140,135,134,149,145,136,137,143,139,138,140,147,149,149,157,154,143,126,108,124,153,163,148,141,131,138,153,152,138,130,129,132,133,141,153,154,161,168,163,152,143,138,134,135,133,127,123,118,111,97,107,131,144,138,141,139,125,125,124,122,122,126,130,130,130,127,140,151,151,150,156,158,155,154,148,138,132,131,139,154,154,135,127,133,136,125,109,118,125,120,113,103,114,129,134,143,148,132,117,123,136,140,132,118,125,125,121,113,102,123,140,139,131,113,109,119,128,136,139,130,117,113,111,116,118,123,124,124,129,131,127,122,123,130,123,114,125,138,130,132,145,158,158,145,129,121,118,121,137,134,127,124,118,120,111,115,134,128,129,135,139,139,138,127,127,127,127,130,130,123,115,112,112,117,126,132,142,149,151,147,140,133,130,130,131,132,135,139,144,142,137,129,130,140,147,158,165,163,155,150,150,143,138,134,130,129,146,148,139,136,147,151,143,127,130,131,131,140,158,162,156,167,160,144,142,146,162,162,150,149,150,139,131,121,114,125,133,129,117,120,134,144,149,149,160,168,171,168,160,157,153,143,133,132,142,148,166,160,150,156,164,161,153,158,154,139,147,151,142,154
159,157,153,152,160,160,152,149,140,134,141,148,143,143,156,159,148,145,154,162,170,169,161,160,161,151,155,153,163,169,165,157,156,158,148,143,136,140,154,170,168,154,149,142,138,137,135,133,137,140,144,145,146,150,150,151,153,152,140,135,140,156,158,157,156,151,149,147,143,151,153,143,139,139,133,138,151,148,143,143,153,152,140,131,116,123,145,161,145,137,137,141,147,143,140,134,135,137,135,147,163,162,159,162,158,155,150,144,140,143,140,134,127,118,111,101,105,124,143,138,136,135,129,128,125,119,118,124,131,131,129,128,135,144,148,152,155,159,159,154,145,137,133,130,134,144,150,143,134,135,130,115,104,113,119,123,115,111,122,121,123,142,159,150,125,126,138,135,121,112,115,126,117,109,104,117,129,133,141,132,124,122,128,139,139,126,113,113,113,118,121,117,122,125,131,134,131,131,131,120,106,109,125,128,124,131,149,158,155,149,139,124,121,133,147,141,131,130,130,129,113,115,133,129,119,125,122,119,128,127,125,129,130,131,130,125,118,113,109,111,112,118,130,140,144,141,137,134,130,129,130,133,136,139,139,136,136,131,132,135,149,158,155,151,140,129,124,121,123,121,126,129,149,153,144,132,138,139,130,117,129,128,130,143,158,165,162,168,161,142,140,152,167,161,152,139,138,137,135,133,132,143,146,140,134,138,144,149,157,159,169,174,172,169,164,157,144,148,136,137,149,157,154,159,148,149,155,155,148,150,138,137,145,139,140,155
157,158,153,156,167,164,154,152,152,156,155,148,139,144,154,155,155,153,153,160,163,159,154,164,162,157,161,157,159,164,166,163,159,158,156,142,133,139,155,169,168,159,151,148,145,144,143,141,144,146,147,146,145,146,142,142,149,151,151,147,148,153,156,152,153,156,153,150,149,152,161,152,146,144,138,138,150,150,141,141,149,147,142,141,130,132,145,150,139,135,135,141,142,139,134,130,130,131,130,140,157,159,153,153,149,151,156,152,148,146,144,134,126,119,117,113,112,121,134,139,142,143,142,136,126,120,121,123,127,130,129,130,133,141,147,153,155,160,162,153,141,135,130,130,133,140,148,145,132,124,120,108,105,107,111,115,124,118,127,124,126,140,154,153,139,131,136,128,115,114,123,124,120,113,108,112,120,125,144,148,136,124,128,136,131,119,115,119,118,124,120,115,116,119,123,129,136,140,141,119,104,110,131,132,135,141,153,153,154,151,147,127,125,133,142,133,128,128,132,133,124,124,138,133,124,120,104,107,119,128,125,135,136,137,135,131,126,119,112,110,109,112,120,129,134,135,135,132,130,128,129,135,136,139,139,133,137,136,135,135,137,129,126,128,131,112,103,102,111,122,118,124,142,146,139,127,129,123,113,110,125,129,132,141,152,158,160,166,161,148,152,150,159,157,151,138,133,132,140,146,146,152,158,156,156,156,156,158,160,165,169,165,169,166,168,160,144,152,141,138,150,157,153,151,141,139,143,146,146,142,130,136,145,137,140,151
155,159,159,162,167,165,155,159,166,161,158,145,146,148,154,156,157,156,153,155,159,157,157,160,159,156,158,156,155,161,165,162,163,166,159,148,141,145,158,163,161,156,157,155,157,156,154,153,156,159,158,151,147,147,140,137,153,158,157,157,159,153,154,147,149,149,148,148,149,153,158,157,151,144,142,146,153,153,146,147,148,149,150,144,140,145,146,151,139,136,140,141,149,145,134,125,124,124,126,136,153,159,153,151,141,142,151,154,154,147,140,132,124,121,126,125,122,119,132,139,148,150,144,137,127,122,121,123,127,133,134,133,137,144,150,152,152,160,157,151,141,134,129,126,133,143,149,147,131,118,108,103,101,99,100,107,114,120,131,132,132,139,149,153,145,133,130,117,117,117,123,126,123,118,115,115,116,120,135,147,142,131,129,135,124,116,117,126,124,127,127,118,109,109,114,126,137,146,143,121,113,122,133,142,149,156,154,154,157,156,144,126,122,131,132,127,123,125,130,132,135,133,141,142,130,116,103,101,118,131,132,134,139,140,138,134,132,124,120,117,114,115,118,122,127,129,131,132,133,130,129,133,140,142,139,140,142,143,140,135,127,119,115,127,135,117,103,102,114,127,123,122,135,132,130,129,122,115,106,110,122,128,131,138,141,143,148,153,155,151,161,164,154,151,150,142,135,135,147,150,154,154,156,159,162,163,161,159,163,166,173,167,166,164,163,159,157,153,147,142,144,155,155,146,139,134,150,156,156,145,135,137,146,149,154,148
152,156,157,161,165,164,155,162,167,162,155,143,149,151,153,153,154,154,152,153,157,156,159,162,163,159,152,151,158,163,160,157,158,158,156,153,146,150,157,160,156,150,155,154,160,160,161,162,163,164,161,154,145,145,136,146,154,160,165,164,156,153,149,141,138,138,139,141,144,154,161,159,154,149,147,150,154,157,150,152,155,155,154,147,141,145,153,144,138,144,151,150,153,141,135,126,124,129,129,142,160,162,152,147,138,137,144,151,153,146,138,130,124,127,137,136,131,122,127,135,145,148,143,136,126,121,122,124,128,133,138,138,142,148,150,153,152,160,157,150,140,133,130,125,131,139,145,142,128,113,104,99,97,98,98,104,108,117,124,127,130,140,151,155,146,133,127,118,123,126,130,130,124,121,120,120,119,118,128,137,138,133,129,128,123,119,122,128,125,128,125,121,115,112,112,120,129,136,136,125,123,129,139,147,155,160,157,153,153,150,141,127,124,132,133,126,121,127,132,137,136,137,147,146,138,125,110,105,119,128,129,130,132,134,135,133,129,125,128,130,127,123,120,124,127,129,131,131,132,132,134,139,144,146,142,140,142,142,138,129,127,122,123,134,139,123,110,111,122,133,121,120,132,130,129,127,125,119,111,114,123,129,131,137,138,134,139,145,149,155,163,164,159,148,153,149,147,148,154,154,154,150,151,153,157,160,161,162,163,176,177,174,169,165,166,160,154,154,150,146,144,155,151,143,143,146,154,163,164,151,141,141,150,157,160,155
146,152,155,160,164,165,157,161,164,162,151,143,151,155,152,151,150,150,150,149,154,157,162,166,167,163,157,154,153,156,153,150,151,151,154,157,151,154,156,155,148,146,158,159,156,158,160,162,167,166,161,155,148,147,138,140,154,165,171,167,148,137,132,130,130,134,138,145,148,154,156,162,158,154,153,152,152,153,153,158,162,162,157,150,144,146,155,153,156,157,156,155,157,145,132,127,124,129,132,145,161,161,151,143,137,135,137,145,149,143,138,132,131,136,145,144,137,125,126,134,143,147,143,136,126,121,124,126,130,135,137,140,145,151,154,156,154,161,156,150,139,133,129,124,126,132,136,134,122,106,98,94,93,93,93,100,101,111,115,120,126,138,150,154,146,134,125,120,130,135,137,132,128,124,125,124,121,117,121,127,133,132,128,123,123,126,130,132,128,129,124,124,121,117,113,111,117,123,125,126,132,140,144,146,151,160,154,146,142,141,136,128,128,139,139,133,128,133,138,143,142,140,149,148,138,130,120,117,118,122,123,125,125,128,131,130,125,125,135,144,144,135,127,128,128,130,131,130,134,136,141,147,149,149,145,142,141,138,131,122,122,132,134,142,141,130,119,119,129,129,119,122,131,129,128,129,128,125,118,120,128,131,132,137,137,135,138,144,149,154,159,157,149,144,151,157,159,162,163,160,154,149,146,146,147,151,157,158,166,171,177,178,171,165,166,161,152,148,154,153,150,159,152,144,144,149,158,167,169,157,149,149,156,157,157,157
142,148,152,159,165,168,161,159,160,158,148,145,142,150,152,153,149,145,145,146,150,157,165,170,175,172,162,160,158,152,149,146,147,150,156,155,152,153,154,151,145,153,158,160,154,153,154,155,160,158,155,152,148,148,140,139,152,171,169,158,140,121,116,118,120,126,134,143,147,154,155,160,161,155,153,149,146,145,147,153,164,163,157,150,146,150,157,167,166,164,163,156,155,147,133,135,130,129,131,139,153,155,152,142,141,141,138,140,141,140,139,139,141,143,149,146,141,134,132,139,146,147,145,138,128,123,125,127,131,136,139,144,150,155,159,161,158,165,155,149,139,132,126,120,119,126,129,127,117,103,95,92,91,92,93,96,95,103,111,115,122,135,144,149,145,135,127,123,132,135,137,130,129,125,124,120,120,116,119,124,129,127,126,123,128,133,136,135,130,130,129,126,124,122,112,107,110,116,117,125,133,142,145,147,153,158,152,143,138,133,132,128,131,141,143,139,136,140,144,147,146,140,143,144,137,132,123,120,114,115,120,124,125,127,129,127,123,124,135,146,149,142,134,130,129,130,131,130,138,141,147,151,152,150,146,143,140,131,120,111,113,126,138,135,136,131,124,120,123,126,121,132,133,125,130,134,137,136,130,131,134,136,133,139,142,141,141,144,149,154,155,151,145,140,148,157,162,164,165,163,158,152,144,141,139,141,148,153,161,161,170,174,170,164,160,154,149,148,157,159,155,162,159,145,146,149,157,162,163,156,155,156,150,150,153,159
141,145,150,158,169,169,165,157,154,151,145,140,134,141,149,153,149,140,140,144,147,151,160,169,174,173,166,168,159,153,149,146,148,152,157,153,145,145,147,147,148,153,160,156,152,151,151,155,158,157,153,147,147,142,137,141,154,164,161,150,134,121,110,109,113,124,131,145,150,155,161,162,162,157,152,145,137,139,140,149,158,162,153,151,150,151,162,164,167,167,164,162,157,151,141,140,136,129,131,133,143,148,147,146,148,144,139,139,139,139,142,145,148,145,149,148,144,139,140,146,152,151,147,139,128,125,126,129,135,141,144,150,157,160,160,162,163,163,158,148,138,129,122,114,114,119,124,124,114,103,97,91,91,93,96,101,103,101,107,111,120,129,135,138,137,130,126,123,126,130,129,126,124,125,121,119,118,117,116,120,121,123,124,122,128,134,137,134,133,129,127,126,124,122,116,109,109,112,113,120,131,139,145,149,157,160,155,146,137,131,129,130,135,142,142,142,142,145,146,144,143,139,146,141,137,131,120,111,105,109,114,126,129,132,132,128,121,122,131,145,148,142,134,128,127,129,129,134,141,145,150,148,148,148,148,145,140,127,113,106,109,118,129,133,134,130,117,113,117,126,127,134,130,120,128,137,143,141,136,139,141,136,136,142,148,147,148,150,152,153,152,147,142,142,144,151,156,162,162,162,160,154,145,139,133,132,141,150,161,153,160,168,165,159,154,152,145,147,154,155,157,161,156,150,147,149,154,155,156,155,155,150,143,140,149,156
140,146,150,158,166,166,163,156,152,149,150,142,136,138,143,150,149,141,141,144,140,145,156,166,171,171,168,162,158,158,153,149,150,155,158,152,146,147,149,149,148,154,159,157,151,150,152,157,158,156,152,147,145,141,139,148,151,157,159,152,133,129,119,114,114,120,126,141,147,155,162,160,164,157,151,144,135,135,139,153,158,151,145,145,147,150,159,162,165,166,163,165,164,157,148,142,136,133,133,135,145,149,147,145,147,145,141,137,135,137,142,144,146,145,147,146,143,141,142,148,153,150,144,136,127,124,128,130,136,143,148,153,160,162,160,162,163,162,157,148,138,127,116,108,109,115,121,123,116,110,104,99,97,97,99,103,104,100,106,110,117,123,126,129,130,125,120,118,122,125,120,118,116,118,121,119,118,116,115,116,117,118,120,122,127,132,133,130,128,125,125,124,122,121,116,110,108,109,109,116,126,137,145,152,161,161,158,150,142,136,134,136,143,146,145,144,143,143,145,145,142,139,145,142,142,134,119,107,96,106,117,127,131,132,131,127,121,121,126,135,139,135,129,125,121,124,125,132,142,145,149,148,148,147,146,143,138,127,114,105,107,114,123,128,130,125,118,112,114,124,128,143,135,123,127,135,140,143,141,140,140,136,138,144,150,153,153,154,154,152,153,150,147,146,141,150,156,157,158,160,161,155,147,137,129,130,139,148,160,159,157,165,166,161,155,150,143,145,150,152,160,159,155,150,148,150,153,154,155,153,150,144,137,137,147,154
136,144,149,155,160,159,158,154,148,151,152,144,140,136,138,146,148,143,141,137,133,138,150,161,167,167,165,162,160,159,154,150,151,159,161,154,152,151,152,152,150,152,154,152,150,152,156,161,159,157,153,148,143,143,145,147,150,153,146,137,133,136,130,122,120,120,123,136,144,154,161,165,167,160,155,147,137,138,141,153,157,151,148,147,146,148,151,154,158,159,161,167,169,162,154,145,136,136,136,140,149,151,148,144,145,143,139,134,132,137,144,145,146,146,148,145,142,142,143,148,151,148,138,132,124,123,129,131,137,144,150,154,160,161,159,160,160,159,154,146,136,123,111,104,107,115,121,126,125,118,114,108,104,103,105,106,106,102,103,107,112,113,114,115,116,114,110,110,114,116,114,112,111,114,119,119,118,115,113,111,111,113,114,118,122,126,126,123,120,118,121,122,122,120,116,111,108,105,105,110,118,130,141,152,161,162,160,154,148,141,140,142,148,149,147,144,142,143,145,144,140,139,142,142,145,136,119,104,94,108,121,129,134,133,130,126,121,120,121,124,128,124,120,117,117,122,125,134,143,146,149,149,149,146,144,140,137,128,118,108,109,113,119,123,128,128,120,113,116,122,136,138,134,128,126,131,135,142,142,138,138,136,140,147,153,159,159,158,156,153,154,153,151,148,139,148,149,150,153,155,158,154,148,137,128,131,139,148,160,158,158,165,169,166,159,151,145,146,149,155,162,158,156,154,151,147,151,152,152,149,144,138,136,141,152,158
131,140,145,150,155,154,153,152,145,148,148,145,141,139,139,143,145,145,141,132,132,137,146,156,164,164,163,161,160,158,155,153,156,162,167,161,159,157,155,150,151,154,154,155,155,158,161,164,162,160,156,151,142,144,151,151,148,141,133,125,126,134,134,127,127,127,127,136,143,151,159,164,170,166,162,152,148,150,149,154,155,151,148,147,147,149,148,151,156,158,162,164,164,161,154,147,138,135,139,143,153,153,153,146,142,140,133,134,136,141,148,147,148,149,151,146,141,141,142,146,148,143,134,128,122,121,127,129,135,142,146,151,156,157,155,156,156,154,149,142,132,116,105,98,102,112,119,127,130,130,127,120,114,108,109,109,108,104,102,105,107,105,106,106,104,101,102,103,108,108,109,107,107,110,117,119,118,114,111,108,109,111,112,113,116,118,117,117,113,112,120,120,121,119,117,112,107,105,104,107,114,124,136,147,154,160,159,156,152,151,148,147,152,155,153,149,145,145,143,140,138,139,140,142,142,134,119,107,106,116,125,132,137,134,128,125,120,119,119,119,121,117,111,108,112,118,124,134,143,148,153,155,152,148,145,140,139,132,123,118,117,118,122,125,131,129,122,116,120,129,133,131,131,129,127,128,130,135,134,134,135,132,140,146,152,158,159,161,161,155,153,152,149,146,137,138,145,143,148,153,155,151,145,138,133,135,144,152,162,159,156,164,172,172,164,156,151,151,154,160,163,164,162,159,156,151,149,150,149,144,140,135,138,144,157,161
128,133,143,150,151,151,151,149,144,143,145,146,144,141,140,142,145,141,136,131,133,140,146,154,163,161,160,160,164,160,159,158,159,163,169,167,162,159,157,152,153,160,160,161,164,164,164,163,162,155,153,147,150,153,153,159,150,135,129,122,122,122,130,133,131,134,136,140,145,155,160,164,171,172,168,162,158,159,158,156,153,146,143,145,148,150,151,153,154,154,159,160,161,161,152,145,139,140,141,148,153,152,150,148,145,142,138,137,139,143,147,148,148,146,149,146,142,142,140,140,143,139,128,122,118,121,126,132,135,140,145,147,150,153,151,153,154,151,149,140,128,115,100,93,97,109,119,126,132,137,135,130,121,113,112,111,111,106,104,102,103,102,99,97,95,95,95,97,100,103,102,102,104,110,117,120,119,116,112,109,109,110,111,113,113,112,112,110,109,116,119,122,121,120,117,111,106,106,107,111,118,126,131,142,153,157,157,155,153,154,155,156,158,159,156,152,151,148,145,140,138,137,138,142,140,132,120,114,118,123,130,135,139,133,130,126,126,120,116,118,118,108,102,101,102,109,118,129,137,147,154,157,155,151,147,146,141,137,129,124,125,126,127,127,128,124,122,119,121,125,129,127,128,128,126,122,125,127,130,130,131,134,139,147,152,156,160,163,166,161,156,152,148,141,131,127,143,143,146,146,146,147,141,137,135,139,147,155,163,155,151,161,167,171,169,160,157,153,156,161,164,168,165,161,159,156,151,147,148,144,140,135,140,145,153,161
124,130,141,150,153,149,148,145,141,141,143,144,145,144,143,145,143,137,132,131,136,144,150,156,162,161,162,163,163,163,162,163,165,166,171,167,161,162,161,156,158,162,164,164,167,167,167,165,162,155,152,154,157,160,157,157,148,136,129,122,120,125,134,137,138,142,144,148,153,157,160,167,173,173,169,165,161,161,158,158,155,150,147,148,149,150,151,153,154,154,156,157,157,156,152,144,137,138,141,147,153,153,152,151,149,147,143,143,143,146,150,151,150,148,149,146,142,140,137,135,135,130,123,119,118,121,125,130,133,137,140,142,145,148,149,152,153,151,144,134,122,109,98,92,95,104,114,124,132,138,138,134,127,119,117,114,111,109,106,102,102,101,97,95,92,92,92,94,97,99,101,101,104,110,117,119,121,118,115,112,112,112,112,110,110,109,108,107,114,117,120,122,121,121,119,114,111,112,113,117,122,131,134,141,148,153,154,155,153,156,157,159,160,161,158,154,154,153,148,142,137,134,133,139,140,134,126,123,126,130,137,141,140,134,132,128,128,123,120,121,119,108,100,95,96,104,114,126,136,145,151,155,157,155,151,149,144,140,133,128,128,129,127,124,125,124,122,119,118,121,123,124,125,126,125,124,122,124,127,128,125,133,139,148,154,158,162,165,164,164,158,153,147,140,129,127,136,140,143,143,143,143,141,138,138,142,148,155,157,152,147,157,165,170,167,161,158,155,159,162,164,167,163,160,159,155,151,146,147,143,139,135,139,143,151,157
124,131,142,152,151,147,144,141,139,138,138,141,145,146,144,141,136,133,129,133,139,148,154,157,160,162,165,168,166,166,165,165,167,169,171,166,161,162,161,156,157,163,166,168,170,170,169,166,162,154,154,158,162,163,160,155,148,140,134,128,127,130,137,141,144,148,149,154,159,159,162,170,175,176,171,168,164,164,162,161,157,153,151,152,152,152,154,155,157,156,156,156,155,152,150,142,135,134,140,144,150,153,153,153,153,153,150,150,150,149,149,149,147,145,145,143,139,135,133,128,125,119,114,114,117,121,125,129,131,135,137,139,142,145,147,150,151,150,143,133,120,106,94,90,90,97,106,116,128,136,137,137,133,126,124,119,115,113,110,105,102,99,96,93,90,89,88,90,93,96,99,99,103,110,116,118,121,121,118,116,115,113,111,107,106,105,103,107,113,118,121,123,122,123,122,120,118,121,124,128,130,136,137,139,142,148,150,153,154,158,159,161,162,162,159,156,154,153,148,143,140,135,133,137,138,134,130,130,131,135,141,144,142,139,138,133,132,129,127,127,123,111,100,91,90,99,108,120,131,139,144,150,154,156,155,151,147,144,138,132,132,128,126,123,120,118,116,112,113,113,113,115,117,120,120,119,118,119,123,125,124,133,139,150,157,162,165,168,167,166,160,152,145,138,127,129,137,137,138,137,136,135,133,134,137,142,150,155,152,147,143,151,160,165,162,158,156,158,161,163,165,163,160,157,158,155,150,146,144,141,138,135,139,142,148,153
132,137,147,156,149,147,144,140,139,134,135,139,143,143,141,135,129,125,125,130,139,149,155,157,159,160,167,168,168,170,172,170,168,170,167,162,160,159,160,155,157,163,166,168,171,170,168,165,162,153,156,161,166,166,162,156,153,148,143,140,143,141,146,148,151,153,154,159,164,163,167,172,177,178,173,168,164,165,164,161,157,154,152,153,155,157,158,160,161,161,161,160,157,153,149,141,132,131,136,140,146,150,153,153,154,155,153,154,153,149,147,147,145,141,140,139,135,129,122,116,112,108,107,110,116,121,126,131,132,135,133,135,138,140,144,148,150,149,143,132,119,103,92,88,86,92,99,107,120,130,133,135,134,130,128,124,121,117,113,107,104,102,97,94,90,88,87,89,92,94,97,98,103,110,115,118,121,121,118,117,115,112,109,107,106,103,103,107,114,118,121,124,123,124,124,124,125,129,133,137,137,138,137,137,139,143,146,151,154,158,159,161,162,161,158,155,153,154,152,148,145,145,143,141,141,138,135,136,136,139,144,147,147,145,146,140,134,134,133,133,127,117,106,95,91,98,105,115,125,131,136,143,148,150,152,151,147,145,140,133,131,126,124,120,116,115,110,110,109,107,105,105,108,112,114,115,114,115,119,123,123,132,140,152,160,166,169,170,166,165,159,150,143,136,125,130,138,135,133,132,130,129,129,132,138,144,151,155,153,143,142,148,154,161,156,151,155,157,161,163,163,161,157,159,157,154,149,144,140,140,137,135,141,143,148,152
142,145,153,151,150,146,144,141,139,136,132,136,140,140,135,127,122,118,124,133,141,150,155,158,156,158,162,163,166,171,175,174,171,165,163,160,157,155,159,158,162,161,162,167,170,169,168,167,158,159,164,167,169,165,161,156,156,157,155,153,151,150,154,157,156,157,158,161,166,167,170,174,175,177,173,165,166,166,164,162,162,161,159,159,160,161,164,164,164,164,164,164,160,154,147,139,131,128,132,136,143,149,152,154,157,159,159,157,154,151,149,147,144,142,139,136,133,123,112,105,99,100,101,108,115,125,130,133,135,134,132,130,131,137,144,148,150,147,141,128,115,103,95,88,84,87,90,98,108,117,126,130,132,130,130,127,123,118,115,110,108,106,101,96,93,90,89,89,92,95,100,101,105,110,115,117,119,121,119,116,112,108,107,101,102,103,105,109,115,120,121,124,126,129,128,128,130,134,138,141,141,139,136,134,136,139,142,147,152,156,160,163,163,160,158,155,154,157,158,154,152,152,151,149,141,143,142,136,136,140,146,149,151,151,149,143,140,139,142,142,131,122,113,103,99,101,108,116,126,127,130,135,140,142,145,148,146,143,139,132,129,124,121,116,114,112,111,111,108,104,103,100,102,106,109,110,111,113,119,121,123,132,142,152,161,169,170,170,166,164,157,151,143,133,126,134,140,135,133,130,127,128,129,134,141,147,156,156,149,145,140,147,154,152,150,148,152,155,160,163,158,155,158,160,156,151,146,141,141,137,136,139,145,149,153,154
146,149,155,153,151,148,146,143,140,136,132,133,138,134,129,122,117,115,121,130,139,147,153,156,156,158,162,166,165,171,172,172,169,165,162,159,157,159,158,158,158,157,158,162,168,168,167,165,161,159,165,167,167,164,160,156,156,162,162,161,160,161,162,162,159,158,159,168,169,169,171,178,176,178,174,167,166,164,162,163,164,164,163,163,164,165,167,167,167,167,168,167,164,157,147,140,131,129,132,136,143,149,154,155,157,159,159,157,154,151,148,146,143,140,136,131,126,116,105,99,94,97,102,110,117,126,131,133,135,133,131,129,130,135,141,145,148,145,139,127,115,104,94,88,83,84,87,94,103,112,121,126,128,129,128,126,122,119,115,111,109,105,99,97,94,92,92,92,94,97,102,103,106,110,114,116,118,118,116,115,110,105,104,101,103,105,106,110,115,120,122,125,128,132,131,132,134,139,140,140,139,137,134,132,134,139,141,146,150,156,159,163,162,159,157,154,154,157,158,156,155,155,154,151,145,145,143,137,140,144,149,152,152,152,150,145,143,142,146,145,140,132,124,115,108,111,116,122,126,127,129,132,135,136,139,142,143,142,136,133,129,123,120,116,116,114,114,111,108,105,103,101,103,106,109,109,109,114,117,120,125,131,141,151,161,165,167,165,160,158,152,146,141,131,128,135,139,136,132,129,127,128,132,136,143,149,157,156,151,144,142,148,152,150,147,148,151,155,157,161,161,157,159,161,158,151,145,141,140,138,137,141,149,153,157,158
152,153,158,155,154,149,147,143,139,135,131,131,129,126,121,115,111,111,118,128,138,146,151,155,157,159,163,167,167,166,167,167,165,162,161,159,156,156,158,157,156,155,157,161,165,165,166,166,164,164,166,168,166,162,159,156,156,162,162,164,165,168,165,161,157,158,162,167,169,171,174,175,174,175,171,166,163,159,158,163,165,166,168,169,170,170,171,171,171,171,172,171,167,161,149,142,135,133,134,138,146,152,157,157,159,160,159,157,154,151,147,144,140,137,135,127,120,110,99,94,92,97,106,115,123,130,134,136,136,132,130,127,127,132,136,141,144,142,136,125,115,105,95,90,85,82,83,89,97,105,115,121,124,127,126,123,120,118,114,110,108,104,102,101,99,97,98,98,99,101,104,105,107,111,113,115,119,117,115,111,106,101,100,104,105,107,108,112,116,120,123,128,132,137,137,138,141,144,142,139,138,135,133,131,132,137,140,143,147,152,156,159,159,157,155,154,154,156,158,159,160,160,159,156,152,150,145,140,141,144,149,151,153,154,153,149,147,146,150,149,146,139,134,127,122,125,128,131,130,129,128,130,130,131,133,135,137,139,139,134,128,121,119,118,120,119,118,114,111,107,105,105,106,108,110,110,109,111,113,117,125,131,141,149,157,163,163,161,155,154,149,143,138,129,130,136,141,138,133,130,129,131,136,140,147,153,159,155,149,145,146,150,152,149,145,146,151,152,153,157,158,158,161,161,157,155,144,141,139,138,140,144,150,154,159,159
155,161,161,158,160,154,152,147,142,135,130,125,122,121,117,111,108,110,118,129,138,147,152,156,158,160,164,167,169,168,166,163,162,160,160,157,156,154,156,155,153,152,154,158,163,164,164,165,164,165,166,168,165,161,158,155,156,159,161,164,167,168,163,158,156,155,158,166,172,170,171,168,167,169,164,160,156,154,158,160,163,166,171,171,172,173,172,172,172,172,173,172,168,162,153,147,140,139,139,143,150,156,159,159,160,160,159,157,154,151,146,143,138,134,129,120,113,106,100,97,97,103,111,122,131,136,140,141,139,135,129,126,125,129,132,137,141,139,133,123,114,106,98,94,88,84,82,87,94,102,112,119,122,125,124,121,117,115,111,107,106,107,107,106,104,103,103,102,103,104,107,107,109,112,111,115,114,112,109,105,101,99,102,105,107,110,110,113,116,120,124,130,136,142,142,144,147,145,142,139,139,136,134,132,133,136,138,141,144,147,151,154,154,156,154,154,154,155,158,162,164,164,163,160,159,154,147,142,144,147,150,152,154,155,155,151,148,147,151,150,148,143,140,135,132,135,137,136,135,133,130,129,130,131,132,133,134,138,141,135,128,120,119,123,124,123,122,118,115,111,110,110,111,112,114,114,112,113,117,121,124,135,142,147,152,156,155,152,149,148,144,139,136,128,132,137,142,139,136,133,133,135,139,143,150,156,160,155,148,148,150,151,153,149,145,145,149,149,150,154,157,159,162,162,157,155,149,141,140,140,142,147,153,158,162,162
155,152,160,165,163,159,156,151,145,140,131,126,123,122,115,108,106,113,120,130,142,148,155,158,161,165,169,170,171,172,170,166,160,159,158,154,153,153,153,152,152,151,150,152,156,160,164,166,164,165,168,165,161,161,160,159,158,159,161,165,166,165,161,158,158,152,156,168,167,164,163,165,159,158,156,153,151,152,154,157,161,165,170,170,171,172,173,172,171,170,171,170,168,165,156,153,148,145,147,149,154,160,163,163,162,160,160,157,153,149,145,141,135,129,122,117,110,105,102,101,104,109,119,127,136,142,144,141,140,135,126,123,122,126,131,134,137,137,131,125,115,108,100,97,91,86,85,87,93,99,109,117,121,124,125,122,115,113,109,105,108,111,109,110,109,107,109,108,106,105,108,107,107,109,111,111,109,105,102,98,97,98,101,105,109,112,112,114,117,119,128,134,140,143,147,150,150,146,143,141,140,136,135,134,135,138,139,139,140,142,145,149,150,151,152,152,153,155,158,161,162,163,164,163,158,155,150,145,145,147,150,152,158,156,153,151,151,151,151,151,148,146,143,140,139,140,141,142,140,137,133,131,130,130,132,134,134,137,142,136,127,119,124,127,130,128,125,120,118,115,115,117,119,120,119,117,115,118,121,124,129,133,141,146,151,149,146,143,142,140,138,135,130,130,136,142,144,143,137,136,135,138,141,146,154,158,159,153,150,151,152,154,153,150,146,145,147,146,148,152,154,159,164,160,156,153,148,143,141,143,147,150,156,161,166,166
153,155,161,165,165,162,160,155,149,142,134,129,125,119,114,109,108,115,121,131,144,150,158,161,165,167,171,172,173,173,171,169,163,158,159,155,154,153,154,151,150,149,148,149,154,157,161,164,163,164,166,164,160,158,158,158,159,159,161,164,165,164,161,158,155,152,163,167,164,160,158,156,151,149,147,147,145,146,149,153,159,164,169,170,171,171,171,170,170,169,170,170,168,165,159,156,151,149,152,153,157,162,165,165,164,162,160,157,152,148,142,139,132,127,118,114,107,103,103,105,110,118,128,135,143,147,147,143,140,134,124,121,119,122,128,131,135,135,130,124,115,110,105,102,97,92,87,89,93,100,110,116,121,124,125,123,116,113,109,105,108,111,112,113,113,111,111,110,108,107,108,108,108,110,111,108,106,102,98,96,95,97,100,104,108,111,112,114,117,121,129,135,141,145,148,150,149,146,143,140,139,137,136,135,137,139,139,139,138,140,143,146,148,150,150,151,152,154,157,159,161,162,162,161,158,155,151,147,148,149,151,153,156,154,152,150,150,150,150,150,149,148,145,142,142,142,143,144,142,139,135,134,130,130,131,133,135,138,142,135,127,124,129,132,131,129,126,125,123,121,121,122,124,126,125,121,118,121,126,128,133,137,139,146,144,142,139,136,137,136,133,132,128,133,138,143,144,143,139,137,137,140,142,147,153,158,158,153,150,151,153,154,155,152,149,148,146,148,151,153,156,158,162,161,156,153,147,142,142,145,149,152,159,164,169,168
152,155,159,164,166,165,164,160,155,148,138,132,128,123,115,112,112,119,124,133,145,152,160,164,168,170,173,174,174,172,170,168,166,161,157,157,156,154,153,148,146,145,144,145,149,152,157,159,162,162,164,164,161,158,158,160,161,159,161,163,163,162,161,158,156,157,163,164,160,155,151,150,144,143,141,141,140,143,147,151,158,163,166,167,167,168,167,167,167,168,169,169,168,166,164,162,158,157,158,159,161,164,167,167,166,163,159,156,150,145,138,135,128,123,114,110,105,103,103,106,115,125,136,141,147,149,149,143,138,130,121,116,114,117,122,126,130,131,127,123,117,113,108,105,101,97,94,93,96,103,111,116,121,126,128,127,121,116,112,106,108,111,115,116,117,116,114,112,110,107,106,106,107,110,111,107,104,99,95,93,93,95,98,103,107,110,111,114,118,123,131,138,144,148,150,151,148,145,142,139,138,138,138,138,140,140,139,137,136,135,138,141,143,146,147,149,151,152,154,156,157,159,159,158,157,155,153,150,151,151,151,152,152,151,150,149,149,149,149,149,149,148,146,144,145,145,144,144,142,140,137,136,132,132,132,133,137,139,141,135,126,125,130,133,133,131,127,126,124,123,124,126,128,130,131,130,126,126,131,133,137,140,142,143,140,139,135,133,130,130,128,130,134,137,141,145,145,143,141,139,139,142,143,147,153,157,156,152,151,152,154,155,156,155,152,151,149,148,152,155,158,159,160,160,155,152,146,142,144,147,152,156,162,167,171,169
153,153,156,161,165,166,165,162,157,152,142,135,130,126,124,117,116,122,127,135,144,151,160,165,169,171,172,172,172,170,167,165,163,161,157,158,157,154,151,146,142,141,141,142,145,148,153,155,160,161,168,167,164,163,163,162,162,159,161,162,162,160,160,159,152,161,163,165,160,153,148,144,139,137,135,135,134,138,144,147,152,156,161,162,162,163,164,165,166,166,168,169,169,167,169,166,164,163,161,161,162,164,166,166,165,162,159,155,149,143,135,131,125,120,112,110,106,105,107,111,120,131,142,146,150,150,149,142,135,125,117,113,110,112,117,121,126,128,125,122,118,116,112,110,106,103,103,100,101,106,111,115,122,130,133,132,126,120,116,110,108,111,115,117,118,118,114,112,109,106,102,103,105,108,112,111,107,102,97,94,92,94,97,101,106,109,111,114,119,125,133,140,146,151,152,151,147,144,142,139,138,139,139,140,143,142,140,136,133,131,134,137,139,143,144,147,149,150,152,153,155,156,156,155,156,156,154,153,151,150,149,148,149,149,148,148,147,147,147,147,146,146,144,143,145,144,143,142,140,138,136,136,136,135,134,135,138,141,140,134,126,126,131,134,134,132,129,126,125,125,126,131,133,136,137,139,135,127,134,136,139,141,142,140,138,136,133,130,127,127,130,135,139,141,144,147,145,143,143,141,141,144,144,148,153,156,155,152,152,153,154,156,156,155,152,151,150,151,154,156,159,160,159,157,154,151,146,143,146,149,155,160,163,167,170,168
153,153,155,158,161,163,163,161,158,152,148,140,133,130,127,123,119,122,127,134,142,148,158,164,165,167,170,171,169,167,165,162,158,159,160,160,159,154,151,145,140,138,136,136,139,143,146,152,156,166,168,170,168,168,167,166,164,164,163,162,160,159,158,157,157,162,166,164,160,153,145,141,136,130,129,129,131,132,139,144,145,148,154,155,157,159,161,161,162,165,165,166,168,169,168,168,167,166,162,161,161,163,167,167,165,162,157,153,147,141,133,128,122,117,112,109,107,109,110,116,127,136,145,148,151,150,148,141,133,123,113,108,104,106,110,117,119,123,124,122,119,117,116,115,112,110,108,106,105,106,110,114,123,129,132,134,131,126,122,115,109,113,114,116,117,117,112,110,106,103,100,100,102,107,110,111,110,106,99,98,93,93,94,97,101,104,109,112,119,128,136,142,145,152,151,148,144,140,139,137,137,139,142,144,145,143,141,137,134,131,130,132,134,139,144,149,151,152,153,155,156,157,157,155,155,156,156,154,151,151,149,146,144,144,144,144,143,143,145,148,146,146,145,144,144,145,143,141,140,138,137,137,136,138,136,137,141,142,137,133,126,127,132,134,134,133,131,131,130,131,134,134,137,141,144,144,141,134,134,137,139,140,141,138,135,131,131,129,127,131,134,139,141,144,145,146,145,143,144,144,144,144,148,150,153,156,155,153,148,150,153,156,155,154,152,152,149,152,155,159,162,162,159,153,150,148,144,147,150,152,157,162,168,170,170,167
156,155,155,158,161,163,163,161,158,155,150,142,135,131,130,124,123,122,126,133,140,145,152,156,157,160,163,163,166,164,163,162,158,160,160,158,156,153,149,143,138,136,134,134,136,141,144,150,162,166,168,170,169,168,168,166,165,164,163,162,160,157,156,155,157,159,164,164,160,153,145,139,134,128,127,127,128,129,131,136,137,140,144,145,148,150,153,153,155,158,163,164,166,167,168,168,167,166,162,161,161,163,165,165,163,160,154,151,144,139,133,128,122,117,112,109,108,109,113,119,129,138,145,148,151,150,146,138,131,120,110,105,102,103,107,113,117,120,122,121,120,119,118,117,115,113,111,109,107,106,110,114,123,131,135,137,134,131,127,120,113,113,114,116,117,117,112,110,106,103,100,100,102,107,112,114,117,113,106,100,95,94,93,95,99,103,108,112,119,127,136,141,145,149,148,146,142,139,138,137,137,139,142,144,145,144,141,137,134,131,130,132,134,139,144,149,151,152,153,155,156,157,157,155,155,156,156,154,152,151,149,146,142,142,142,142,143,143,145,148,146,146,145,144,144,145,143,141,140,139,137,138,138,140,138,139,142,142,137,133,126,128,132,134,137,136,133,133,133,134,137,140,144,148,150,151,148,142,134,137,139,140,141,138,135,131,131,128,129,133,136,141,143,145,146,146,145,145,144,144,144,144,148,150,153,156,156,154,150,147,151,153,155,153,152,150,149,152,156,159,163,162,161,156,150,148,144,147,150,152,157,163,168,170,170,167
